8
13
38
3
56
58
77
24
51
10
7
21
34
34
66
30
5
32
63
9
9
3
48
38
25
5
171
1
68
92
53
1
203
3
38
58
11
28
108
63
70
65
14
10
50
62
84
41
15
2
57
8
40
45
7
17
158
102
11
14
150
5
1
48
17
42
35
16
32
105
32
10
18
49
145
24
170
122
37
84
129
10
125
102
1
1
2
105
11
14
88
64
72
41
34
25
90
3
54
32
106
14
38
113
3
83
114
41
89
27
49
28
59
69
68
45
24
13
66
14
16
59
84
23
45
72
98
29
4
52
15
45
88
49
42
29
2
37
59
140
45
99
84
19
74
57
60
3
25
102
117
108
158
15
53
3
39
7
127
101
52
4
11
40
41
40
55
57
55
107
52
43
29
29
11
72
10
53
16
1
86
34
69
144
122
108
3
30
21
15
82
30
114
67
1
14
30
3
154
109
113
58
96
4
4
11
169
54
81
6
39
3
11
51
5
34
103
123
57
187
66
96
39
4
65
111
38
14
140
134
1
73
140
11
3
49
23
103
21
60
120
79
79
2
33
122
2
18
4
50
25
91
83
13
9
6
71
1
84
38
34
88
71
37
28
150
27
44
40
1
65
89
83
24
58
2
47
100
33
2
1
28
1
9
7
90
95
2
1
10
8
5
17
167
30
4
1
49
26
8
114
14
83
77
19
32
67
128
14
36
68
4
55
1
16
15
2
52
26
106
112
17
55
39
6
3
1
50
118
9
6
141
75
17
15
2
118
1
5
8
93
31
6
20
43
28
79
5
11
24
7
9
20
93
36
76
67
1
46
86
134
51
56
111
72
11
29
7
20
37
71
6
14
1
104
30
15
24
4
13
38
50
1
4
60
10
3
23
2
3
13
86
5
17
4
16
34
8
4
92
120
97
1
87
33
80
21
78
41
33
65
37
59
17
88
116
75
103
88
73
45
42
41
30
61
1
5
89
93
9
1
82
8
101
6
70
94
41
51
171
170
21
23
6
103
58
35
140
107
103
46
2
95
119
34
106
95
30
75
38
68
11
65
51
8
3
82
51
148
70
136
132
70
8
47
51
6
2
23
65
39
17
79
30
12
18
84
142
3
64
1
8
27
70
50
2
82
20
72
75
32
52
40
24
130
94
141
108
29
16
117
40
42
118
3
1
7
1
2
58
11
16
122
11
32
100
121
141
29
18
44
8
36
72
29
28
94
16
3
11
11
5
2
54
110
154
82
8
14
46
30
80
115
12
124
6
87
3
37
1
1
52
114
54
138
124
25
45
4
41
126
14
2
3
112
51
160
5
40
8
1
23
68
10
25
102
8
3
101
156
29
3
91
14
151
15
45
18
2
7
30
128
93
44
54
68
30
68
28
9
141
38
31
86
24
88
7
14
20
15
68
146
70
45
47
25
13
48
34
45
24
65
9
175
198
84
63
83
75
22
123
137
6
130
22
19
87
10
5
23
5
35
23
36
25
83
122
63
47
17
8
12
35
59
125
31
7
13
2
4
90
3
4
25
62
71
1
48
20
3
77
4
132
146
60
11
38
158
13
12
25
26
35
1
11
33
46
75
2
28
10
34
34
1
71
22
54
80
77
53
34
164
59
21
2
71
14
99
1
17
38
15
2
3
54
70
125
9
34
68
95
64
79
9
92
23
100
5
133
30
33
115
11
64
104
1
58
76
125
116
18
2
8
107
15
19
68
13
18