11
11
125
4
71
96
68
84
35
33
7
19
17
42
66
72
3
27
80
8
6
6
6
39
30
4
124
29
62
90
58
2
210
12
37
87
23
30
100
21
91
78
20
10
42
68
32
48
99
2
26
117
41
40
37
22
122
116
12
19
157
70
1
3
17
15
22
16
32
153
37
6
37
36
25
8
14
102
60
80
128
14
119
111
24
10
3
79
7
3
47
57
68
43
34
92
75
4
53
37
93
14
41
117
3
19
158
95
64
12
51
4
48
70
126
36
25
9
78
90
31
58
43
12
97
5
84
39
3
50
11
45
73
58
52
2
3
37
59
136
45
54
27
18
71
63
57
3
25
116
85
12
166
15
14
4
52
26
56
79
52
16
12
62
38
16
6
57
55
128
55
28
23
21
11
41
10
33
15
1
25
128
128
144
100
27
4
48
50
22
104
34
71
68
18
12
11
41
157
149
126
60
95
4
7
13
168
75
112
12
51
4
16
59
5
21
63
141
48
213
66
96
31
8
56
2
80
13
135
21
1
96
182
12
5
63
23
86
22
64
120
75
69
32
29
122
13
3
5
31
44
85
58
13
6
6
44
1
112
27
30
94
79
41
32
102
35
49
49
18
15
48
55
34
61
48
43
127
18
21
1
25
1
6
17
91
95
1
1
27
7
10
9
52
63
2
3
49
25
67
152
11
25
94
26
13
111
13
14
32
69
4
45
1
23
15
1
71
2
44
108
47
47
24
8
4
1
26
3
25
6
158
60
22
12
16
114
1
8
13
114
47
8
28
11
4
52
5
60
32
7
6
38
107
30
74
62
1
48
105
130
36
59
82
88
8
12
74
44
31
46
8
132
1
150
31
15
22
13
15
52
69
2
5
65
92
18
44
27
116
15
101
4
24
2
8
41
20
49
88
57
153
2
103
71
79
20
78
70
18
61
59
51
6
56
77
121
44
92
78
44
42
50
42
51
3
7
123
75
14
1
69
25
116
57
70
125
43
44
141
157
18
32
4
100
63
16
111
107
117
48
3
95
104
3
112
99
22
70
42
84
64
43
61
8
3
82
51
86
83
130
110
95
9
55
63
6
2
23
63
45
10
93
7
45
18
84
142
55
39
16
31
21
60
50
15
108
19
67
74
18
94
77
22
115
105
95
174
34
13
120
41
60
109
39
4
9
1
2
63
20
22
138
8
55
89
127
143
36
36
46
9
26
78
28
29
94
13
3
10
6
6
2
9
79
121
62
13
12
52
47
27
131
7
104
5
92
5
33
1
1
45
111
46
132
147
25
36
19
11
87
14
2
4
72
51
166
11
32
28
1
10
37
10
25
97
8
32
91
106
13
6
95
18
145
49
45
18
2
5
23
140
146
46
31
67
29
48
90
9
141
28
33
94
20
2
12
19
15
70
68
155
60
46
47
25
13
33
32
40
24
70
9
191
1
84
62
65
115
20
59
119
6
105
21
27
87
10
9
23
5
65
14
33
25
107
40
24
35
20
16
50
17
8
111
66
6
11
1
12
114
5
1
25
52
57
1
90
29
2
118
117
143
102
84
19
11
127
1
83
37
22
35
1
10
5
52
102
2
72
1
31
8
1
71
22
147
69
107
38
35
88
66
2
3
62
6
94
1
2
48
26
5
3
70
69
125
7
32
63
95
63
83
2
87
20
7
5
103
33
13
112
11
62
128
23
22
84
136
157
18
1
19
147
25
32
60
13
18