4
16
122
3
59
59
85
60
75
5
57
16
27
34
65
39
7
19
51
13
9
6
46
36
38
88
69
51
45
88
70
4
64
1
39
79
71
73
116
98
68
84
18
19
75
6
45
82
12
182
50
83
20
47
77
20
38
102
13
15
188
40
54
89
66
24
12
15
15
22
75
1
2
134
261
53
20
175
51
85
1
34
96
33
20
3
3
32
14
1
102
67
56
77
35
26
49
62
23
33
50
29
40
105
192
86
149
77
90
9
50
40
35
60
123
47
42
23
92
55
37
124
110
27
33
102
110
60
4
63
18
81
69
55
48
36
4
60
64
167
40
85
46
20
17
82
87
2
19
104
90
110
106
13
8
57
10
11
106
121
16
6
2
100
43
29
6
57
118
77
57
20
33
23
20
154
29
7
17
1
85
45
84
96
115
118
23
24
61
18
115
34
90
70
13
7
1
102
223
113
132
44
59
5
3
9
133
150
128
9
35
22
63
74
12
71
90
144
116
88
123
57
48
4
6
2
20
13
90
108
1
41
146
10
2
57
14
45
19
55
125
48
97
3
43
123
13
30
2
63
1
101
18
80
22
5
61
1
7
32
31
64
139
45
76
64
26
90
25
3
3
67
88
31
60
28
35
4
141
1
1
1
2
7
11
69
18
5
1
39
9
4
12
148
68
37
10
25
75
62
141
29
50
89
29
50
123
7
15
37
55
17
47
32
23
95
2
51
7
51
180
56
46
17
13
28
4
59
68
6
12
133
67
46
17
3
135
11
74
1
154
130
26
57
64
84
104
60
12
9
15
44
31
86
40
30
44
37
56
133
128
67
84
47
126
15
21
68
23
10
72
6
69
12
47
46
13
16
20
41
38
98
1
12
3
34
4
10
2
46
37
84
111
32
3
23
2
21
8
83
101
126
1
115
76
49
57
71
36
97
95
60
71
43
86
12
92
96
25
9
38
57
48
46
56
5
1
110
134
12
1
44
118
107
76
82
75
6
90
120
207
28
27
31
122
67
27
84
125
122
8
81
74
33
41
100
45
35
64
26
28
2
48
35
5
85
11
43
87
148
121
129
109
47
66
52
5
1
22
54
84
99
57
5
25
13
34
86
75
73
21
29
17
60
47
2
118
159
54
69
23
112
49
23
17
116
13
127
8
20
176
54
8
75
1
3
7
1
3
54
24
2
93
11
23
58
111
130
21
18
31
6
41
16
31
48
62
33
39
1
29
17
148
50
75
109
40
29
22
86
5
28
133
4
23
1
7
74
4
22
1
44
100
35
150
128
16
47
18
33
38
35
1
18
118
32
184
2
40
19
2
15
50
14
10
21
8
56
41
100
16
7
22
17
127
29
31
10
5
9
26
151
153
28
72
63
21
86
25
3
131
28
38
103
22
103
9
4
22
15
70
151
82
28
112
13
8
16
34
11
64
19
8
123
201
95
43
96
72
18
135
120
3
118
7
59
108
9
21
20
5
39
14
33
17
31
146
114
43
55
18
142
109
139
92
92
4
12
11
26
110
90
14
4
50
9
2
91
17
3
30
9
124
58
93
15
7
154
50
61
27
47
91
1
10
6
71
1
2
60
31
35
10
1
3
4
136
74
99
47
35
90
44
13
5
49
65
96
244
33
41
8
6
3
20
136
109
39
67
145
38
6
100
115
163
18
10
204
119
39
80
175
22
39
131
19
47
9
11
179
78
7
27
162
47
65
78
13
56