18
1
12
6
1
12
10
9
15
3
11
11
10
12
10
4
3
4
6
2
29
19
3
7
4
3
11
13
7
2
3
7
17
3
5
22
9
9
1
2
10
2
1
8
4
21
3
4
9
6
2
13
8
6
28
7
18
20
3
5
5
5
2
11
14
13
10
9
10
2
3
5
20
4
7
7
3
2
6
6
1
4
16
9
2
18
6
2
21
4
7
12
18
25
6
10
5
19
7
27
10
13
8
13
17
19
15
4
13
16
1
14
9
26
13
11
1
1
1
2
8
4
2
1
6
3
3
10
16
1
7
1
2
1
11
1
17
3
4
21
2
2
7
7
7
6
5
1
3
2
12
9
3
23
12
17
7
6
5
6
6
23
8
5
15
3
3
6
3
11
3
9
11
4
4
8
21
7
14
5
9
17
6
6
7
11
4
1
1
19
29
6
7
7
10
16
17
1
17
9
7
2
18
6
2
2
2
1
8
2
7
17
25
25
16
9
3
5
10
1
1
4
8
12
14
9
1
3
2
3
17
12
13
7
4
1
21
7
6
3
22
1
14
2
6
28
2
1
2
6
3
3
2
3
1
20
1
3
1
15
1
9
19
4
4
27
1
4
2
1
8
2
6
3
2
14
5
9
11
15
2
1
4
7
15
34
9
7
22
1
8
2
8
6
4
20
14
9
5
2
14
13
14
5
7
8
7
1
22
9
2
3
11
1
3
8
1
1
20
6
9
9
6
4
4
9
2
15
7
6
19
3
1
10
14
5
12
22
20
10