16
1
3
10
24
13
11
13
32
4
11
10
8
24
3
3
2
12
6
18
2
5
8
8
5
2
1
21
8
3
26
1
16
6
8
15
13
6
20
3
15
1
1
5
3
11
2
2
5
5
1
14
7
3
5
7
14
20
3
16
7
5
2
20
13
11
10
11
8
2
3
5
23
4
6
7
3
5
6
3
1
3
11
10
3
14
6
2
13
6
2
7
20
27
4
6
6
28
4
16
13
18
16
9
12
23
16
1
6
5
2
9
25
18
3
6
2
2
15
1
11
20
2
3
3
8
3
14
16
1
10
1
3
2
13
14
14
1
3
4
1
2
8
4
7
2
12
8
9
2
9
7
5
10
4
13
10
4
6
15
6
17
11
3
10
4
6
8
6
2
3
3
8
12
7
13
9
8
14
12
10
18
9
2
9
10
13
1
1
16
25
12
3
16
19
14
3
1
14
6
11
3
23
8
1
2
1
1
1
13
5
16
9
22
15
8
6
5
13
1
1
5
12
10
1
10
3
2
2
5
15
5
14
20
6
1
20
2
4
10
6
15
2
2
1
27
6
1
2
4
14
2
5
2
10
17
2
2
1
4
2
7
24
1
4
28
1
5
2
1
11
5
6
10
1
11
9
8
14
3
2
1
5
7
5
27
3
8
24
1
9
2
8
7
30
9
13
6
5
2
13
17
6
4
11
2
13
1
22
5
4
7
9
14
5
5
1
1
24
13
9
3
4
18
4
9
2
15
10
6
14
5
4
16
10
5
11
24
22
1