4
1
2
6
3
14
11
28
26
3
1
10
5
9
4
3
13
7
5
4
1
2
3
25
3
2
1
4
9
9
9
1
3
2
22
12
6
9
20
1
24
1
1
18
2
18
3
18
1
11
2
19
4
3
1
7
15
11
3
2
4
3
2
10
7
17
11
9
7
1
4
4
17
4
8
7
3
5
6
4
1
7
20
26
4
9
8
2
12
2
8
6
24
13
4
7
7
25
13
19
11
11
13
13
25
7
6
1
2
9
1
7
9
23
4
3
3
13
3
2
14
15
2
1
5
9
2
15
12
1
5
10
4
17
13
13
13
2
17
13
15
2
1
5
1
13
5
9
1
1
11
11
3
21
13
3
1
9
9
1
5
17
7
7
2
8
2
1
1
15
4
7
3
5
2
9
8
6
12
3
8
10
12
2
4
4
4
1
2
30
28
3
5
9
12
11
17
6
1
10
12
3
17
13
3
15
2
1
1
8
10
21
7
24
15
4
1
5
9
1
1
4
8
6
2
10
4
2
2
6
14
1
14
11
4
1
11
8
2
14
12
26
16
6
5
22
5
1
2
8
13
3
1
2
9
20
1
14
12
2
3
10
24
1
7
22
1
6
2
2
10
6
7
4
1
16
6
7
11
9
3
1
6
8
23
29
10
7
23
3
7
2
8
5
15
17
12
4
2
2
2
5
8
12
1
4
8
2
25
2
2
3
12
1
3
2
12
6
4
15
7
7
2
10
1
8
2
3
2
4
4
14
4
12
1
5
7
19
14
1