13
1
8
6
3
13
2
16
26
2
1
9
3
16
12
3
13
4
4
20
1
21
3
17
3
2
1
1
5
2
24
1
5
1
1
8
10
9
20
1
22
4
1
15
2
7
7
15
2
11
2
18
4
4
1
1
21
24
3
1
4
9
2
8
7
13
13
11
1
2
4
4
15
4
5
6
3
4
6
4
1
5
9
25
4
9
4
2
6
2
3
16
24
8
6
11
8
14
6
17
14
13
13
13
29
10
11
1
6
11
1
4
7
27
4
6
3
1
15
2
13
19
1
1
8
7
2
14
11
9
8
11
3
21
16
16
15
2
5
19
2
1
1
6
1
9
5
4
1
1
3
1
3
21
11
10
1
9
9
1
5
16
12
4
15
8
2
11
1
28
3
10
6
7
2
10
6
5
10
2
7
19
7
2
6
7
5
3
4
19
27
2
4
5
10
11
12
6
1
10
10
1
18
16
5
18
13
1
1
8
10
10
10
22
13
7
1
5
11
1
1
4
6
6
2
13
1
5
2
6
14
10
10
7
4
1
18
12
6
17
18
16
22
8
5
20
7
1
1
8
17
2
2
2
10
22
1
13
10
2
3
9
24
2
3
21
1
4
2
1
6
6
5
9
1
16
5
9
12
9
3
1
3
8
28
1
10
8
19
1
13
2
8
5
19
4
3
4
2
2
9
3
1
10
5
14
10
1
23
1
3
3
12
1
3
10
12
6
20
14
11
6
3
11
1
8
2
3
3
3
5
14
4
14
1
5
3
19
17
1