65
4
142
1
99
54
68
27
90
49
66
33
41
49
66
69
5
155
60
12
9
7
63
36
23
29
115
33
15
106
68
5
207
1
65
103
129
79
112
53
156
63
9
14
25
9
100
95
102
3
53
75
25
77
57
51
29
99
15
8
174
6
1
145
60
40
19
16
13
161
1
39
4
123
57
78
56
155
72
83
113
36
138
146
6
14
4
21
21
15
59
102
36
78
88
38
14
75
18
1
72
28
24
88
28
87
117
114
28
17
59
64
46
90
127
36
101
31
82
46
34
7
70
51
27
114
130
29
5
57
12
61
55
52
52
30
4
60
74
181
53
69
46
19
69
73
68
2
12
104
95
143
76
14
11
16
36
13
106
145
28
19
2
53
43
40
22
69
79
63
13
83
35
23
10
108
68
254
18
5
20
41
36
112
171
113
16
50
67
10
56
32
136
51
2
10
1
103
120
121
165
78
59
4
3
1
130
146
139
5
19
16
18
26
31
48
211
150
24
33
85
82
55
2
17
10
65
6
130
149
1
99
44
14
57
25
19
87
19
29
103
62
94
3
39
90
8
38
2
46
17
101
121
16
11
10
55
1
4
40
6
77
166
38
39
79
11
129
14
8
3
90
21
23
51
29
32
8
8
18
5
1
2
2
16
82
89
13
1
6
9
3
6
51
26
17
1
46
2
12
130
8
39
78
45
29
15
14
9
18
51
22
64
38
17
84
6
23
5
32
34
44
81
55
18
37
4
28
31
17
20
92
27
40
12
54
192
2
191
7
51
98
18
56
17
112
139
40
28
14
5
15
14
137
44
54
38
134
64
98
93
47
43
30
148
41
13
47
30
15
20
23
82
21
5
64
32
19
22
120
8
23
1
7
6
87
31
32
17
42
41
75
75
16
11
6
32
14
43
90
136
33
21
76
75
91
73
77
57
84
199
68
74
65
112
125
93
66
86
30
39
24
49
41
87
3
1
60
131
38
1
107
95
90
84
137
89
12
55
134
182
113
22
34
109
52
68
109
111
26
1
100
56
115
39
117
53
51
72
4
28
1
95
42
5
4
121
28
90
94
135
56
91
64
72
64
4
2
31
96
82
4
73
28
15
11
48
76
33
70
40
25
19
109
54
4
135
33
62
62
22
102
4
23
76
32
95
9
29
4
181
58
65
55
1
6
3
1
10
52
20
1
78
9
22
111
121
110
51
12
43
21
39
9
37
12
65
28
61
12
9
11
21
73
64
121
101
59
16
13
43
36
123
10
16
4
13
57
15
19
1
88
163
28
166
128
16
51
8
47
39
24
1
84
123
25
185
2
32
10
7
7
38
9
25
17
9
40
29
105
22
7
110
26
127
64
39
18
7
6
39
146
91
51
71
63
15
87
105
2
85
41
26
124
36
85
11
5
36
67
122
144
85
4
69
13
3
57
34
35
21
144
5
38
177
24
42
46
106
22
100
155
7
139
15
68
60
24
13
24
6
51
13
38
18
175
40
82
54
55
18
135
131
61
53
123
10
7
3
31
113
8
44
15
42
14
2
38
55
9
54
2
92
80
127
34
59
143
37
154
22
73
73
123
17
1
75
30
3
33
12
36
30
1
1
1
195
136
100
26
40
63
44
7
8
84
65
111
202
1
44
18
16
3
30
110
119
42
67
138
52
49
92
104
224
43
75
174
105
38
56
179
15
47
131
2
36
8
190
191
115
19
23
169
17
41
71
31
19