time,pitch
0.022131519274375507,261.8563453519539
0.032131519274375506,262.3570147996738
0.04213151927437551,262.01819369128134
0.05213151927437551,261.93688312980953
0.062131519274375505,262.28669924236146
0.07213151927437551,262.2039739544421
0.08213151927437551,262.17703453837953
0.09213151927437552,262.3393263597041
0.10213151927437551,262.18148121801005
0.11213151927437551,262.0308206057513
0.12213151927437552,261.8768572475156
0.1321315192743755,262.1814458963848
0.1421315192743755,262.1887090284489
0.15213151927437552,262.06329941776863
0.16213151927437552,262.2864805884348
0.1721315192743755,262.1404307189462
0.18213151927437551,262.02835548622835
0.19213151927437552,262.13570733740676
0.2021315192743755,261.85200557204035
0.2121315192743755,261.8488609003112
0.22213151927437552,261.99844941553204
0.2321315192743755,261.87592865331186
0.2421315192743755,261.8797023956872
0.2521315192743755,262.04037283356416
0.2621315192743755,261.96405288927417
0.2721315192743755,262.0046028935318
0.2821315192743755,261.969881527343
0.29213151927437553,261.917899937998
0.30213151927437554,261.87496787093716
0.3121315192743755,261.72415298360994
0.3221315192743755,261.9072853904717
0.3321315192743755,261.8939028423383
0.3421315192743755,261.7179227744616
0.3521315192743755,261.80078150276324
0.36213151927437554,261.81817374626405
0.37213151927437554,261.66829355928587
0.3821315192743755,261.8087757182074
0.3921315192743755,261.71832190718317
0.4021315192743755,261.5429639223709
0.4121315192743755,261.5640020825949
0.42213151927437553,261.58490882030827
0.43213151927437554,261.49341864379403
0.4421315192743755,261.6522047883105
0.4521315192743755,261.66965426839965
0.4621315192743755,261.71987296882236
0.4721315192743755,261.6621064350884
0.48213151927437553,261.645248813124
0.49213151927437554,261.49790816488104
0.5021315192743755,261.5463815217351
0.5121315192743755,261.5512946772592
0.5221315192743755,261.63342695115165
0.5321315192743755,261.60810992797116
0.5421315192743755,261.6730633899623
0.5521315192743755,261.59316759440566
0.5621315192743756,261.5699069379415
0.5721315192743756,261.60018277626705
0.5821315192743756,261.5982812843241
0.5921315192743756,261.443598102308
0.6021315192743755,261.5091664617471
0.6121315192743755,261.595003020909
0.6221315192743755,261.55366834178824
0.6321315192743755,261.51972120667295
0.6421315192743755,261.5282392243096
0.6521315192743755,261.46376272496155
0.6621315192743755,261.4370399386123
0.6721315192743755,261.45128004899726
0.6821315192743755,261.3095654374626
0.6921315192743756,269.87869946511825
0.7021315192743756,290.7922499391144
0.7121315192743756,293.6337808314746
0.7221315192743756,294.1715658967815
0.7321315192743755,293.81773675451336
0.7421315192743755,293.8238224922293
0.7521315192743755,293.81069603517227
0.7621315192743755,293.9748736561545
0.7721315192743755,294.08782716126296
0.7821315192743755,293.7041706758122
0.7921315192743755,294.0522433053127
0.8021315192743755,294.1778071104821
0.8121315192743756,293.9562714776699
0.8221315192743756,294.2172014217526
0.8321315192743756,294.26621617821047
0.8421315192743756,294.0497500732962
0.8521315192743756,294.15134711376425
0.8621315192743755,294.18102055999174
0.8721315192743755,294.02052766563276
0.8821315192743755,293.9133414245313
0.8921315192743755,294.054671126944
0.9021315192743755,294.01249177748093
0.9121315192743755,293.97861023831564
0.9221315192743755,295.3770887434413
0.9321315192743755,325.6297503429365
0.9421315192743756,327.52304464831803
0.9521315192743756,328.29346836542976
0.9621315192743756,327.7983167954088
0.9721315192743756,327.5041141865186
0.9821315192743755,328.6139300787932
0.9921315192743755,328.49642890402873
1.0021315192743754,328.64280336706014
1.0121315192743754,329.038735173585
1.0221315192743754,328.9090725557186
1.0321315192743754,328.86302157115387
1.0421315192743754,329.2484501480181
1.0521315192743754,328.9106023010631
1.0621315192743754,329.00711274293997
1.0721315192743754,329.2515755376419
1.0821315192743755,329.094709110321
1.0921315192743755,329.4338313188652
1.1021315192743755,329.59825130524644
1.1121315192743755,329.4958871360446
1.1221315192743755,329.5358333393042
1.1321315192743755,329.58418575195753
1.1421315192743755,329.37978877889446
1.1521315192743755,329.5661660267038
1.1621315192743755,329.3787559570139
1.1721315192743755,329.54909867141674
1.1821315192743753,329.69938379113654
1.1921315192743753,329.5778738833631
1.2021315192743753,329.43544409695033
1.2121315192743753,329.63308195223993
1.2221315192743754,329.61344619915576
1.2321315192743754,329.7635171690965
1.2421315192743754,329.8344299806572
1.2521315192743754,329.56082696508645
1.2621315192743754,329.4629701053087
1.2721315192743754,329.627598658153
1.2821315192743754,329.6824430048969
1.2921315192743754,329.6522525368389
1.3021315192743754,329.8429673664187
1.3121315192743754,329.54038800805955
1.3221315192743754,329.4937738591579
1.3321315192743755,329.57014968066676
1.3421315192743755,329.4594066195795
1.3521315192743755,329.64543823632914
1.3621315192743755,329.84183160050014
1.3721315192743755,329.42074346831123
1.3821315192743755,328.56732982570054
1.3921315192743755,328.322986567476
1.4021315192743755,329.8136272255162
1.4121315192743755,330.37352026689325
1.4221315192743755,329.9439016320589
1.4321315192743753,330.2832341905251
1.4421315192743753,330.468490643935
1.4521315192743753,330.3986752850059
1.4621315192743753,330.39342122621247
1.4721315192743754,330.4200991761844
1.4821315192743754,330.3235418140217
1.4921315192743754,330.40999016271167
1.5021315192743754,330.30812010082246
1.5121315192743754,330.210333747648
1.5221315192743754,330.205311254667
1.5321315192743754,330.3531533933445
1.5421315192743754,330.33118875437486
1.5521315192743754,330.2441781838425
1.5621315192743754,330.31013641463363
1.5721315192743754,330.300251628201
1.5821315192743755,330.3113389831102
1.5921315192743755,330.10680592580724
1.6021315192743755,330.0417845808441
1.6121315192743755,330.0760781498319
1.6221315192743755,330.00286445407164
1.6321315192743755,330.1139598555596
1.6421315192743755,330.1226292974568
1.6521315192743755,329.90908406076255
1.6621315192743755,329.78432658300636
1.6721315192743755,329.9255398568402
1.6821315192743755,329.8631236794488
1.6921315192743753,329.95697834174
1.7021315192743753,330.04592094655175
1.7121315192743753,329.84722797246775
1.7221315192743754,329.80419585067165
1.7321315192743754,329.7353122108243
1.7421315192743754,329.751264227048
1.7521315192743754,329.85358000362965
1.7621315192743754,329.80054239666435
1.7721315192743754,329.7889910692636
1.7821315192743754,329.65166413233175
1.7921315192743754,329.58783339125085
1.8021315192743754,329.64814964928127
1.8121315192743754,329.7604258911314
1.8221315192743754,329.7656713786821
1.8321315192743755,329.72330819459467
1.8421315192743755,328.5155086755901
1.8521315192743755,295.17951347579395
1.8621315192743755,294.00868127059505
1.8721315192743755,295.3977655303255
1.8821315192743755,295.2166573636933
1.8921315192743755,294.87022886349655
1.9021315192743755,295.19590766064056
1.9121315192743755,294.7704691035293
1.9221315192743755,294.7547514156608
1.9321315192743755,294.69710832185365
1.9421315192743753,294.39583077184284
1.9521315192743753,294.52244288822806
1.9621315192743753,294.53760297515055
1.9721315192743754,294.4499670048641
1.9821315192743754,294.53819039638194
1.9921315192743754,294.38085798678156
2.0021315192743754,294.453697888681
2.0121315192743756,294.3873772688443
2.0221315192743754,294.27511632661884
2.0321315192743756,294.28631378938263
2.0421315192743754,294.10059668331553
2.0521315192743756,294.1396440455006
2.0621315192743754,294.20600494680195
2.072131519274375,293.97098483815233
2.0821315192743755,290.5272368715377
2.0921315192743752,264.4676403788913
2.1021315192743755,265.2164466336453
2.1121315192743753,264.6923911991239
2.1221315192743755,264.1866165649288
2.1321315192743753,263.74868486390415
2.1421315192743755,263.8376369325106
2.1521315192743753,263.8790252641388
2.1621315192743755,263.49265580397315
2.1721315192743753,263.57937477911736
2.1821315192743755,263.9202537686892
2.1921315192743753,262.85526881321834
2.2021315192743756,262.9639848363238
2.2121315192743753,263.4689071411979
2.2221315192743756,262.9007086772318
2.2321315192743754,262.98759651954
2.2421315192743756,263.1695573621249
2.2521315192743754,262.4175745578346
2.2621315192743756,262.7102707863606
2.2721315192743754,262.6041461739461
2.2821315192743756,262.11415918060504
2.2921315192743754,262.40968242940716
2.3021315192743756,262.4462279391548
2.3121315192743754,263.97298019742385
2.3221315192743757,290.6854631863684
2.3321315192743755,293.1972888473034
2.3421315192743752,292.4364336421373
2.3521315192743755,292.1146060705546
2.3621315192743753,293.2189083853661
2.3721315192743755,293.04018876600395
2.3821315192743753,292.65178687262176
2.3921315192743755,293.32124867198416
2.4021315192743753,293.5919750120077
2.4121315192743755,293.1771687910129
2.4221315192743753,293.7141529683076
2.4321315192743755,294.10423833146064
2.4421315192743753,293.66902941788044
2.4521315192743756,293.97858085103786
2.4621315192743753,294.2076637576005
2.4721315192743756,293.66405353192164
2.4821315192743754,293.94527519945507
2.4921315192743756,294.04850596593633
2.5021315192743754,293.6103804002977
2.5121315192743756,293.8577264067826
2.5221315192743754,294.07958356401247
2.5321315192743756,294.048724914254
2.5421315192743754,296.9674983024935
2.5521315192743756,326.82775321598
2.5621315192743754,327.60961842683093
2.5721315192743757,327.58522076456273
2.5821315192743755,327.1359924226755
2.5921315192743752,327.9256224556698
2.6021315192743755,328.352954105286
2.6121315192743753,328.22667713433515
2.6221315192743755,328.9205708917859
2.6321315192743753,328.9127651855273
2.6421315192743755,328.7995190746852
2.6521315192743753,329.1428338228628
2.6621315192743755,329.2088264928758
2.6721315192743753,328.8795771007857
2.6821315192743755,329.23359795380657
2.6921315192743753,329.1770988447794
2.7021315192743756,329.2546993169901
2.7121315192743753,329.51590595582365
2.7221315192743756,329.47376386336833
2.7321315192743754,329.5046247161983
2.7421315192743756,329.5621130637657
2.7521315192743754,329.3734775284766
2.7621315192743756,329.16774390112846
2.7721315192743754,164.85696907277782
2.7821315192743756,165.45005197553434
2.7921315192743754,130.88891295603057
2.8021315192743756,131.1177754262613
2.8121315192743754,130.9361347674384
2.8221315192743757,130.89968319050345
2.8321315192743755,131.0839394820551
2.8421315192743752,131.05096110803083
2.8521315192743755,131.0386652428287
2.8621315192743753,131.08176738927446
2.8721315192743755,131.05597081826735
2.8821315192743753,130.97198184831888
2.8921315192743755,130.92887396885263
2.9021315192743753,131.08453930680224
2.9121315192743755,131.06518240457453
2.9221315192743753,130.98758311543358
2.9321315192743755,131.17026953164222
2.9421315192743753,131.0352675585974
2.9521315192743756,130.96591388983757
2.9621315192743753,131.0754361375061
2.9721315192743756,130.89988919429365
2.9821315192743754,130.90881001425458
2.9921315192743756,130.9833371844959
3.0021315192743754,130.90844229714824
3.0121315192743756,130.91180558791174
3.0221315192743754,131.02729997786506
3.0321315192743756,130.9811476150323
3.0421315192743754,130.95335008111132
3.0521315192743756,131.01193447256853
3.0621315192743754,130.96885539985152
3.0721315192743757,130.8865024508471
3.0821315192743755,130.8520534941126
3.0921315192743757,130.94792577948394
3.1021315192743755,130.922418504007
3.1121315192743753,130.84061787543573
3.1221315192743755,130.94527005905698
3.1321315192743753,130.9068291770589
3.1421315192743755,130.81597736602598
3.1521315192743753,130.9476233324047
3.1621315192743755,130.82976644812624
3.1721315192743753,130.72424951695217
3.1821315192743755,130.7793218797773
3.1921315192743753,130.78791090564346
3.2021315192743756,130.7043963791926
3.2121315192743753,130.84211792366892
3.2221315192743756,130.79727741509527
3.2321315192743754,130.71368759718462
3.2421315192743756,196.92506827363636
3.2521315192743754,197.12085116110796
3.2621315192743756,197.1524187377803
3.2721315192743754,197.23400534659785
3.2821315192743756,197.15793734384724
3.2921315192743754,197.1088582503844
3.3021315192743756,197.1121746471209
3.3121315192743754,197.17902233448257
3.3221315192743757,197.23959863788625
3.3321315192743755,197.3250585912138
3.3421315192743757,197.3419353804608
3.3521315192743755,197.32589124984614
3.3621315192743753,197.276130995317
3.3721315192743755,197.23846825522148
3.3821315192743753,197.200199992158
3.3921315192743755,197.195517014706
3.4021315192743753,197.1571584430934
3.4121315192743755,197.13796642744032
3.4221315192743753,197.16451403758595
3.4321315192743755,197.18316740936098
3.4421315192743753,197.2023849935975
3.4521315192743756,197.2234591408214
3.4621315192743753,197.17988830616318
3.4721315192743756,197.02617587846672
3.4821315192743754,197.03822914372287
3.4921315192743756,197.04083859104776
3.5021315192743754,197.09080216037222
3.5121315192743756,197.03737195695336
3.5221315192743754,197.06477152227154
3.5321315192743756,197.0845361668927
3.5421315192743754,197.0632112892227
3.5521315192743756,196.95345983067148
3.5621315192743754,196.90787468620437
3.5721315192743757,196.95374734327416
3.5821315192743755,196.9568141728573
3.5921315192743757,196.8000581398564
3.6021315192743755,196.83242104429104
3.6121315192743753,196.85203409635358
3.6221315192743755,196.83873729376208
3.6321315192743753,196.85246433470104
3.6421315192743755,196.76132039866837
3.6521315192743753,196.6215112937831
3.6621315192743755,196.57420499565967
3.6721315192743753,196.67279314912585
3.6821315192743755,196.56985384430132
3.6921315192743753,196.85449720434892
3.7021315192743756,259.51892390646805
3.7121315192743753,261.2834240496057
3.7221315192743756,262.3405869461355
3.7321315192743754,262.0260283935414
3.7421315192743756,261.73755145462036
3.7521315192743754,262.0591806833785
3.7621315192743756,262.11130299280507
3.7721315192743754,261.9857217466335
3.7821315192743756,262.24419114689164
3.7921315192743754,262.07695384169557
3.8021315192743756,262.00219085927216
3.8121315192743754,261.7467402497009
3.8221315192743757,262.03996706630863
3.8321315192743755,262.1190480667489
3.8421315192743757,262.0415863519235
3.8521315192743755,262.1051708889943
3.8621315192743753,262.1267078416653
3.8721315192743755,261.8928034377473
3.8821315192743753,262.057578581585
3.8921315192743755,261.876528009573
3.9021315192743753,261.7465665498642
3.9121315192743755,261.9021995246471
3.9221315192743753,261.8896069513668
3.9321315192743755,261.7609908089249
3.9421315192743753,261.96862142002817
3.9521315192743756,261.9158593175239
3.9621315192743753,261.9047092341452
3.9721315192743756,261.9226092047761
3.9821315192743754,261.86304967280404
3.9921315192743756,261.8026086028028
4.002131519274376,261.64629345874
4.012131519274376,261.7668311914108
4.022131519274375,261.7808107057526
4.032131519274375,261.67736470862945
4.042131519274376,261.6475260878843
4.052131519274376,261.730430863051
4.062131519274375,261.60099075542655
4.072131519274375,261.6819073066912
4.082131519274376,261.66865957883573
4.092131519274376,261.49780884497073
4.1021315192743755,261.4552346683103
4.112131519274375,261.5314057587612
4.122131519274375,261.4278238693403
4.132131519274376,261.55751235538037
4.1421315192743755,261.5633014641002
4.152131519274375,261.65728439367473
4.162131519274375,261.5769495910783
4.172131519274376,261.5852018557838
4.1821315192743755,261.4380020020084
4.192131519274375,261.4498824830423
4.202131519274375,261.48371575788525
4.212131519274376,261.54835115437913
4.222131519274376,261.5505185517009
4.232131519274375,261.6182408067534
4.242131519274375,261.54669177789583
4.252131519274376,261.5033446424225
4.262131519274376,261.53284734999994
4.272131519274375,261.5910639668261
4.282131519274375,261.42154500295965
4.292131519274376,261.47210064902504
4.302131519274376,261.53581415625047
4.312131519274375,261.5747174338656
4.322131519274375,261.4480760538904
4.332131519274376,261.52235245957394
4.342131519274376,261.4094266607404
4.3521315192743755,261.40901885326804
4.362131519274375,261.37650211157984
4.372131519274376,261.49794691995623
4.382131519274376,262.6658555104205
4.3921315192743755,289.5556195623893
4.402131519274375,293.1893567858741
4.412131519274375,294.1325328339516
4.422131519274376,293.912504159472
4.4321315192743755,293.8167908902042
4.442131519274375,293.74334007466643
4.452131519274375,293.98716675840984
4.462131519274376,294.1050486570627
4.472131519274376,293.72779767012526
4.482131519274375,293.9981375879075
4.492131519274375,294.1712530590611
4.502131519274376,293.9933782643403
4.512131519274376,294.1540270589891
4.522131519274375,294.28185044035365
4.532131519274375,294.0916795675753
4.542131519274376,294.12556178925473
4.552131519274376,294.1786510751956
4.562131519274375,294.08408733253856
4.572131519274375,293.91138662516687
4.582131519274376,294.0124963979427
4.592131519274376,294.0535050621633
4.6021315192743755,293.9372815821053
4.612131519274375,294.83121389865425
4.622131519274376,322.575862774413
4.632131519274376,327.3100912637307
4.6421315192743755,328.2239138454216
4.652131519274375,327.98083151974646
4.662131519274375,327.31502674867727
4.672131519274376,328.45041137025737
4.6821315192743755,328.57982115220807
4.692131519274375,328.4885710122959
4.702131519274375,329.00907419384157
4.712131519274376,328.9952793253724
4.722131519274376,328.7987474309668
4.732131519274375,329.1853434385997
4.742131519274375,329.06437953858443
4.752131519274376,328.91404253686994
4.762131519274376,329.23391946015164
4.772131519274375,329.1082631379125
4.782131519274375,329.35754977214515
4.792131519274376,329.60047572426515
4.802131519274376,329.5015034598485
4.812131519274375,329.5094707952751
4.822131519274375,329.64671809724763
4.832131519274376,329.3533534147714
4.842131519274376,329.5326639219518
4.8521315192743755,329.4532002383217
4.862131519274375,329.4404387712901
4.872131519274376,329.69064524716936
4.882131519274376,329.6065760349099
4.8921315192743755,329.4751821926856
4.902131519274375,329.53270368733195
4.912131519274375,329.6599439071779
4.922131519274376,329.69732439166256
4.9321315192743755,329.8636364720043
4.942131519274375,329.5944336483834
4.952131519274375,329.47268799244006
4.962131519274376,329.5747475480688
4.972131519274376,329.6781162068428
4.982131519274375,329.6282883959826
4.992131519274375,329.8196219311357
5.002131519274376,329.63710227178956
5.012131519274376,329.42041826173744
5.022131519274375,329.6068304525292
5.032131519274375,329.45480071763365
5.042131519274376,329.55999054249537
5.052131519274376,329.84768459086854
5.062131519274375,329.5371794804032
5.072131519274375,328.7715803259277
5.082131519274376,328.22916351769226
5.092131519274376,329.4066585253156
5.1021315192743755,330.4735372563901
5.112131519274375,329.96227410902776
5.122131519274376,330.17201970338846
5.132131519274376,330.4848823127062
5.1421315192743755,330.3989717606666
5.152131519274375,330.3940918799868
5.162131519274375,330.4273086806815
5.172131519274376,330.33058454569095
5.1821315192743755,330.3946188689918
5.192131519274375,330.3473907200302
5.202131519274375,330.21364600971145
5.212131519274376,330.2080471833668
5.222131519274376,330.30389827852997
5.232131519274375,330.3736746834133
5.242131519274375,330.23305125950014
5.252131519274376,330.31447191811424
5.262131519274376,330.2783119322398
5.272131519274375,330.33956600188475
5.282131519274375,330.14585973202134
5.292131519274376,330.03686777677154
5.302131519274376,330.08514715624926
5.312131519274375,330.0068292323662
5.322131519274375,330.0831397553357
5.332131519274376,330.15063025849656
5.342131519274376,329.9579050051916
5.3521315192743755,329.7950058577957
5.362131519274375,329.88381730436765
5.372131519274376,329.9057259686096
5.382131519274376,329.8884621122429
5.3921315192743755,330.0788952911335
5.402131519274375,329.88050638912387
5.412131519274375,329.8068813525092
5.422131519274376,329.76157861241126
5.4321315192743755,329.7208829480092
5.442131519274375,329.8511009021671
5.452131519274375,329.8006748055715
5.462131519274376,329.8064119329935
5.472131519274376,329.6759107797874
5.482131519274375,329.6053525857338
5.492131519274375,329.61270026758586
5.502131519274376,329.7563935243578
5.512131519274376,329.7682789534962
5.522131519274375,329.7304525862214
5.532131519274375,329.55371960196123
5.542131519274376,296.9423907237271
5.552131519274376,293.91050928676333
5.562131519274375,295.14322440268313
5.572131519274375,295.3550992737685
5.582131519274376,294.89562584625816
5.592131519274376,295.14104981419507
5.6021315192743755,294.9123094461529
5.612131519274375,294.69112136351555
5.622131519274376,294.7744831028705
5.632131519274376,294.4119927882407
5.6421315192743755,294.4895403074929
5.652131519274375,294.56952058631373
5.662131519274375,294.42190530376746
5.672131519274376,294.5514181740203
5.6821315192743755,294.42884702022917
5.692131519274375,294.41124336679684
5.702131519274375,294.4219368914872
5.712131519274376,294.28572611511254
5.722131519274376,294.307617588558
5.732131519274375,294.1246139511662
5.742131519274375,294.10599323497536
5.752131519274376,294.2410528148559
5.762131519274376,293.9690032773411
5.772131519274375,292.37143404147145
5.782131519274375,265.2863152135154
5.792131519274376,264.89725739035975
5.802131519274376,264.8637801508176
5.812131519274375,264.45029139149347
5.822131519274375,263.63842199705914
5.832131519274376,263.84570138674394
5.842131519274376,263.99572870007023
5.8521315192743755,263.41615864743
5.862131519274375,263.5791400377549
5.872131519274376,263.9863775947759
5.882131519274376,262.965247417118
5.8921315192743755,262.9042751626439
5.902131519274375,263.4581482562205
5.912131519274375,262.9345324466539
5.922131519274376,263.039890566314
5.9321315192743755,263.1261718093281
5.942131519274375,262.5575952299264
5.952131519274375,262.69146232348936
5.962131519274376,262.5982619220576
5.972131519274376,262.2375741883027
5.982131519274375,262.3318663546919
5.992131519274375,262.40452310639245
6.002131519274376,263.27472050262327
6.012131519274376,288.9020306322759
6.022131519274375,293.08508120498317
6.032131519274375,292.8340502357954
6.042131519274376,291.74929017961017
6.052131519274376,293.20093140742046
6.062131519274375,293.16131171326447
6.072131519274375,292.51943198240474
6.082131519274376,293.3149122103744
6.092131519274376,293.5132403890192
6.1021315192743755,293.2298242067332
6.112131519274375,293.60023979822404
6.122131519274376,294.0314896911049
6.132131519274376,293.7859641060653
6.1421315192743755,293.8653158346758
6.152131519274375,294.1953423332718
6.162131519274376,293.8026631997153
6.172131519274376,293.8255254063095
6.1821315192743755,294.08542869621107
6.192131519274375,293.6893252416524
6.202131519274375,293.77514156413395
6.212131519274376,294.0503427116719
6.222131519274376,293.967831861833
6.232131519274375,295.6537647037082
6.242131519274375,326.3262131494309
6.252131519274376,327.45078580490446
6.262131519274376,327.65613323976953
6.272131519274375,327.2415385111833
6.282131519274375,327.6492263278797
6.292131519274376,328.37354348972957
6.302131519274376,328.18860447960105
6.312131519274375,328.8072676358105
6.322131519274375,328.943427307202
6.332131519274376,328.79214937933375
6.342131519274376,329.07669970420613
6.3521315192743755,329.2723313137589
6.362131519274375,328.850665016051
6.372131519274376,329.19688887095
6.382131519274376,329.22648019268325
6.3921315192743755,329.17462789549063
6.402131519274375,329.4860240081797
6.412131519274376,329.4917903571751
6.422131519274376,329.514488974044
6.4321315192743755,329.513825130342
6.442131519274375,329.45263048075
6.452131519274375,329.2897064310277
6.462131519274376,164.77726912530147
6.472131519274376,165.21128298517377
6.482131519274375,130.75400567165624
6.492131519274375,131.14887623874972
6.502131519274376,130.97240923393062
6.512131519274376,130.89874259278002
6.522131519274375,131.03022313396173
6.532131519274375,131.0830454646503
6.542131519274376,130.99704805508748
6.552131519274376,131.08424069040692
6.562131519274375,131.05621858955774
6.572131519274375,131.00695708450348
6.582131519274376,130.90552181875347
6.592131519274376,131.07009787012237
6.6021315192743755,131.0710808792424
6.612131519274375,131.00351964212834
6.622131519274376,131.1269640788338
6.632131519274376,131.09549553860862
6.6421315192743755,130.9319698914916
6.652131519274375,131.0809372057031
6.662131519274376,130.92405160222063
6.672131519274376,130.89418927568065
6.6821315192743755,130.9709380380787
6.692131519274375,130.94079869648928
6.702131519274375,130.88786881035207
6.712131519274376,131.0234248048545
6.722131519274376,130.9970992708826
6.732131519274375,130.94820126488003
6.742131519274375,131.0002372888886
6.752131519274376,130.98396444935102
6.762131519274376,130.90533012480032
6.772131519274375,130.8353942537263
6.782131519274375,261.9204508604918
6.792131519274376,261.90391286627084
6.802131519274376,261.737521278979
6.812131519274375,261.88483437647227
6.822131519274375,261.8913968621685
6.832131519274376,261.70024916804243
6.842131519274376,261.90249610537523
6.8521315192743755,261.7885877880712
6.862131519274375,261.52913223927345
6.872131519274376,261.61637943360194
6.882131519274376,261.69517963359914
6.8921315192743755,261.48503355722903
6.902131519274375,261.74287874322374
6.912131519274376,261.76489039226556
6.922131519274376,261.77133850337515
6.9321315192743755,261.76983719596075
6.942131519274375,261.72676242930385
6.952131519274375,261.5825266231843
6.962131519274376,261.5649300864405
6.972131519274376,261.5386054852836
6.982131519274375,261.67040610012344
6.992131519274375,261.6459015881361
7.002131519274376,261.6470043709175
7.012131519274376,261.6830746059439
7.022131519274375,261.6610435400233
7.032131519274375,261.5801939993895
7.042131519274376,261.6518382606213
7.052131519274376,261.527024059519
7.062131519274375,261.51675778186507
7.072131519274375,261.51548518673826
7.082131519274376,261.653156533317
7.092131519274376,261.60479427159845
7.1021315192743755,261.51804155304916
7.112131519274375,261.5432542103622
7.122131519274376,261.53066216905364
7.132131519274376,261.35624101736795
7.1421315192743755,261.64950085898084
7.152131519274375,261.6400040791781
7.162131519274376,261.3343266775021
7.172131519274376,261.5465231222175
7.1821315192743755,261.74723688032066
7.192131519274375,261.31875163821644
7.202131519274375,261.4968715271685
7.212131519274376,261.6436764509447
7.222131519274376,261.4421914329836
7.232131519274375,261.51533431267643
7.242131519274375,261.52512393526416
7.252131519274376,261.4560478899558
7.262131519274376,261.52813447762514
7.272131519274375,261.69457387648094
7.282131519274375,261.6074240398215
7.292131519274376,261.6257615823808
7.302131519274376,261.62380869326535
7.312131519274375,261.5294424398302
7.322131519274375,261.4312634915274
7.332131519274376,261.44173314821245
7.342131519274376,261.4853664847241
7.3521315192743755,261.38993055179895
7.362131519274375,261.5418955462955
7.372131519274376,261.6468768749189
7.382131519274376,259.3571359699997
7.3921315192743755,260.02316926789933
7.402131519274375,261.0556478909838
7.412131519274376,262.4386369093388
7.422131519274376,262.12691737925616
7.4321315192743755,261.9239018114798
7.442131519274375,262.1145288816592
7.452131519274375,262.3078384824225
7.462131519274376,262.10400112378375
7.472131519274376,262.2938952302011
7.482131519274375,262.211976515771
7.492131519274375,262.1566947250049
7.502131519274376,261.8488580279737
7.512131519274376,262.0708255027635
7.522131519274375,262.17838450757364
7.532131519274375,262.13564292649403
7.542131519274376,262.0797909280368
7.552131519274376,262.3090070098487
7.562131519274375,261.976902797771
7.572131519274375,262.12317446987925
7.582131519274376,262.0015774112235
7.592131519274376,261.78944188531256
7.6021315192743755,261.9842985508648
7.612131519274375,261.08805196967404
7.622131519274376,259.81145973690303
7.632131519274376,261.0628685366673
7.6421315192743755,262.43023721621233
7.652131519274375,262.17725339512145
7.662131519274376,261.93667438406294
7.672131519274376,262.0663689990737
7.6821315192743755,262.3192198219263
7.692131519274375,262.22930291672554
7.702131519274375,262.45878440053593
7.712131519274376,262.337620986046
7.722131519274376,262.1455416109096
7.732131519274375,261.8345119902173
7.742131519274375,261.984213709528
7.752131519274376,262.2233739541144
7.762131519274376,262.171299844423
7.772131519274375,262.10554213270285
7.782131519274375,262.36390422300565
7.792131519274376,262.0925138353907
7.802131519274376,262.1492078895536
7.812131519274375,261.98258547094474
7.822131519274375,261.74911147719814
7.832131519274376,261.86126061883107
7.842131519274376,261.1616798988523
7.8521315192743755,260.0017384660968
7.862131519274375,260.9745264122644
7.872131519274376,262.3021283425015
7.882131519274376,262.1070513528376
7.8921315192743755,261.92527313042336
7.902131519274375,262.01594680426433
7.912131519274376,262.31612372418044
7.922131519274376,262.2785314163411
7.9321315192743755,262.45427642622104
7.942131519274375,262.34951886802014
7.952131519274376,262.2093473304965
7.962131519274376,261.9424315993322
7.972131519274376,261.9910632763101
7.982131519274375,262.24297634222177
7.992131519274375,262.2012589981092
8.002131519274377,262.1448360422284
8.012131519274377,262.4291054713486
8.022131519274376,262.20337273692627
8.032131519274376,262.21775421742575
8.042131519274376,262.04840370472016
8.052131519274376,261.734376583524
8.062131519274377,261.8752170094602
8.072131519274377,261.79259451666934
8.082131519274377,--undefined--
8.092131519274377,165.10770637895163
8.102131519274376,165.6276007201219
8.112131519274376,165.35053933041627
8.122131519274376,165.33229828146358
8.132131519274376,165.44103420517533
8.142131519274377,165.36666513374107
8.152131519274377,165.29422243540802
8.162131519274377,165.27062595727975
8.172131519274377,165.2816342382852
8.182131519274376,165.34274345353157
8.192131519274376,165.31958482279785
8.202131519274376,165.22815955684223
8.212131519274376,165.2047870780822
8.222131519274376,329.8719790996563
8.232131519274377,329.88044607417453
8.242131519274377,329.76205552093967
8.252131519274377,329.945083861215
8.262131519274377,329.8678908253229
8.272131519274376,329.9036083129559
8.282131519274376,329.77775237138377
8.292131519274376,329.6645258190347
8.302131519274376,329.70357853196947
8.312131519274377,333.9608473821966
8.322131519274377,393.1567328496377
8.332131519274377,393.18400402809516
8.342131519274377,393.40997508132335
8.352131519274376,393.50654987789954
8.362131519274376,393.5220141345136
8.372131519274376,393.2683758798907
8.382131519274376,393.1137940318369
8.392131519274377,393.54468463218615
8.402131519274377,393.42730908162156
8.412131519274377,393.2218459008241
8.422131519274377,393.0492697107233
8.432131519274376,393.04430416600803
8.442131519274376,393.01728216718556
8.452131519274376,393.1110098205833
8.462131519274376,393.26813824896954
8.472131519274376,393.29881731094423
8.482131519274377,392.83928102881
8.492131519274377,392.5795209124515
8.502131519274377,392.501209580652
8.512131519274377,392.6664006001845
8.522131519274376,392.8679499131655
8.532131519274376,393.59720068147277
8.542131519274376,397.0768082313559
8.552131519274376,395.9832730142918
8.562131519274377,394.6606738008866
8.572131519274377,394.7090623892542
8.582131519274377,394.6417569078773
8.592131519274377,394.6189058513229
8.602131519274376,394.13379383932323
8.612131519274376,394.00139820455814
8.622131519274376,394.09037346394246
8.632131519274376,393.9213027091668
8.642131519274377,393.9266992510589
8.652131519274377,393.83039212555605
8.662131519274377,393.9010627447662
8.672131519274377,393.80060628398877
8.682131519274376,393.7739306070018
8.692131519274376,393.8354304647162
8.702131519274376,393.8089306244047
8.712131519274376,393.4192319949496
8.722131519274377,393.4066554486216
8.732131519274377,393.4476399836712
8.742131519274377,393.6155100984982
8.752131519274377,393.6256352368276
8.762131519274377,394.48311948154645
8.772131519274376,397.46412426820837
8.782131519274376,395.91422394501683
8.792131519274376,394.6835159023141
8.802131519274376,394.67960710146997
8.812131519274377,394.69303204954855
8.822131519274377,394.73409280754487
8.832131519274377,394.2601025897042
8.842131519274377,394.0562898666142
8.852131519274376,394.112775562937
8.862131519274376,393.9825050691194
8.872131519274376,393.9563416545123
8.882131519274376,393.96185277794484
8.892131519274377,394.0157512511794
8.902131519274377,393.912954086068
8.912131519274377,393.8461405569233
8.922131519274377,393.92836183317684
8.932131519274376,393.8111815022836
8.942131519274376,393.53353995444417
8.952131519274376,393.4918093123527
8.962131519274376,393.6073412648067
8.972131519274377,393.7592037163002
8.982131519274377,393.7392043412604
8.992131519274377,393.4475797379037
9.002131519274377,392.9366821494353
9.012131519274377,393.1160416114326
9.022131519274376,393.26558867207876
9.032131519274376,393.11995275250024
9.042131519274376,392.77837034782914
9.052131519274376,392.7434945085958
9.062131519274377,392.58902606178367
9.072131519274377,392.5761761818841
9.082131519274377,393.0259445749855
9.092131519274377,392.9993606842832
9.102131519274376,393.15233250180677
9.112131519274376,393.3476640250787
9.122131519274376,393.0216164619256
9.132131519274376,392.5619647564043
9.142131519274377,392.7088561528626
9.152131519274377,392.7443542542036
9.162131519274377,392.4366021672821
9.172131519274377,392.85046502807006
9.182131519274376,392.76964188877315
9.192131519274376,392.538276347305
9.202131519274376,392.3733394642203
9.212131519274376,392.6132334729811
9.222131519274377,392.9226055574747
9.232131519274377,395.69166951394357
9.242131519274377,395.60275312885295
9.252131519274377,394.76500245936916
9.262131519274377,394.6878792965312
9.272131519274376,394.66234253829475
9.282131519274376,394.6845433754858
9.292131519274376,394.2457084140234
9.302131519274376,394.04901254624224
9.312131519274377,394.109213429033
9.322131519274377,394.03034562010333
9.332131519274377,393.9279157987519
9.342131519274377,393.81869160669555
9.352131519274376,393.9767838383984
9.362131519274376,393.8909187466119
9.372131519274376,393.8641454033489
9.382131519274376,393.8559448674885
9.392131519274377,393.9369261694496
9.402131519274377,393.7409162063263
9.412131519274377,393.6233949252963
9.422131519274377,393.48476789350013
9.432131519274376,393.5095548857434
9.442131519274376,393.54684570233
9.452131519274376,393.38442659038367
9.462131519274376,396.01793484356347
9.472131519274377,440.8601535401159
9.482131519274377,443.0999702444986
9.492131519274377,441.99828654604323
9.502131519274377,442.79672399293685
9.512131519274377,441.84551823113014
9.522131519274376,442.1202032010996
9.532131519274376,441.57582455965286
9.542131519274376,441.84750556737237
9.552131519274376,441.55950753557926
9.562131519274377,441.8823832364936
9.572131519274377,441.9496251799942
9.582131519274377,441.54234550673215
9.592131519274377,442.2095719699794
9.602131519274376,441.6963522762943
9.612131519274376,442.25593042242383
9.622131519274376,441.58512145505455
9.632131519274376,442.076576362627
9.642131519274377,441.4807986573587
9.652131519274377,441.6736501949571
9.662131519274377,441.60466527533646
9.672131519274377,441.30800834353334
9.682131519274376,441.1099726963845
9.692131519274376,437.99938314736676
9.702131519274376,401.9353166966998
9.712131519274376,397.4533718653304
9.722131519274377,397.23561410266603
9.732131519274377,395.83861816010426
9.742131519274377,396.8765385547772
9.752131519274377,395.9051266255116
9.762131519274377,395.68392641970763
9.772131519274376,395.35740130896477
9.782131519274376,395.1799190251921
9.792131519274376,395.66423441010846
9.802131519274376,395.3315662354049
9.812131519274377,395.785105292231
9.822131519274377,394.76344817965514
9.832131519274377,395.60859096489685
9.842131519274377,394.5374696959445
9.852131519274376,395.21953690612696
9.862131519274376,394.13619176446934
9.872131519274376,395.10259809338595
9.882131519274376,394.00963997955074
9.892131519274377,395.069624014182
9.902131519274377,393.8667990906415
9.912131519274377,395.03864403310706
9.922131519274377,392.61054796015253
9.932131519274376,360.5330888339531
9.942131519274376,353.91062102819103
9.952131519274376,353.2640742251
9.962131519274376,352.87690398045106
9.972131519274377,352.14964974478477
9.982131519274377,353.01978571459097
9.992131519274377,351.7884045625724
10.002131519274377,351.938816053448
10.012131519274377,351.62366340813736
10.022131519274376,351.5006232411693
10.032131519274376,351.4996469995279
10.042131519274376,351.4681214650521
10.052131519274376,351.63067588640445
10.062131519274377,351.20782033664045
10.072131519274377,351.5610305256529
10.082131519274377,351.251292472428
10.092131519274377,351.50654523180543
10.102131519274376,351.37400045478904
10.112131519274376,351.5616723013103
10.122131519274376,351.3926991057118
10.132131519274376,351.06649928871
10.142131519274377,351.4504022822068
10.152131519274377,345.45041391677313
10.162131519274377,331.8908187762337
10.172131519274377,332.0926280052418
10.182131519274376,331.8649780802384
10.192131519274376,331.09082325254036
10.202131519274376,331.5653371053236
10.212131519274376,331.6071789902063
10.222131519274377,331.37032863622045
10.232131519274377,330.8625666543408
10.242131519274377,330.4336837751771
10.252131519274377,331.151292415119
10.262131519274377,331.290404534098
10.272131519274376,331.0167089280579
10.282131519274376,330.63541664676455
10.292131519274376,330.2561019862826
10.302131519274376,330.8394357496047
10.312131519274377,330.61846291615734
10.322131519274377,330.54445308946737
10.332131519274377,330.4694411081633
10.342131519274377,330.2180020003413
10.352131519274376,330.51178999102945
10.362131519274376,330.5015484903042
10.372131519274376,330.4519448842218
10.382131519274376,329.75014416628983
10.392131519274377,295.8533314015913
10.402131519274377,294.41101005733225
10.412131519274377,295.9624554452682
10.422131519274377,295.82339918101036
10.432131519274376,295.4239481266771
10.442131519274376,295.7461170465917
10.452131519274376,295.11230903905215
10.462131519274376,294.78290297347735
10.472131519274377,294.6966716779872
10.482131519274377,294.5455306141872
10.492131519274377,294.89973595628834
10.502131519274377,294.8670122977467
10.512131519274377,294.76236431040917
10.522131519274376,294.7606983571713
10.532131519274376,294.63997959353713
10.542131519274376,294.5690394030212
10.552131519274376,294.80399148868605
10.562131519274377,294.52446536280775
10.572131519274377,294.4569428125771
10.582131519274377,294.45877248861075
10.592131519274377,294.41191202941627
10.602131519274376,294.39614061903706
10.612131519274376,294.0224145435642
10.622131519274376,288.68812848526335
10.632131519274376,264.08497139734084
10.642131519274377,265.41105673172257
10.652131519274377,264.8082152679158
10.662131519274377,264.02026374199454
10.672131519274377,263.7851540211788
10.682131519274376,263.80056181284374
10.692131519274376,263.7092144199898
10.702131519274376,263.512040048653
10.712131519274376,263.60686002957505
10.722131519274377,263.6894038696773
10.732131519274377,262.8316599578045
10.742131519274377,263.0030258224078
10.752131519274377,263.35461235671596
10.762131519274377,262.86869478812895
10.772131519274376,262.88948645113067
10.782131519274376,263.07712796304855
10.792131519274376,262.3832140137988
10.802131519274376,262.72883212740504
10.812131519274377,262.60636077734915
10.822131519274377,262.062744940467
10.832131519274377,262.3892520444769
10.842131519274377,262.4740968759168
10.852131519274376,262.0687457480934
10.862131519274376,262.44176913486695
10.872131519274376,262.24646540652253
10.882131519274376,262.1161322400799
10.892131519274377,262.3177845074437
10.902131519274377,262.1011742617304
10.912131519274377,261.9896732063504
10.922131519274377,262.05443062440884
10.932131519274376,261.9909919056882
10.942131519274376,262.0535450544795
10.952131519274376,262.08518176603803
10.962131519274376,261.8338391789781
10.972131519274377,261.89451590931213
10.982131519274377,261.89948511616274
10.992131519274377,261.80945566947764
11.002131519274377,261.85035138827385
11.012131519274377,261.76916032705594
11.022131519274376,261.6546222188499
11.032131519274376,261.591762169784
11.042131519274376,261.72869123657256
11.052131519274376,261.7050935737254
11.062131519274377,261.59592417281397
11.072131519274377,261.6802180021249
11.082131519274377,131.44882855124084
11.092131519274377,131.7484723880045
11.102131519274376,131.5266025309952
11.112131519274376,131.58057702981404
11.122131519274376,131.53136112235362
11.132131519274376,131.5211827606343
11.142131519274377,131.3679194848107
11.152131519274377,131.36051701611603
11.162131519274377,131.37402120387623
11.172131519274377,131.35058094886847
11.182131519274376,131.29468927115659
11.192131519274376,131.2589299188658
11.202131519274376,131.30337133953896
11.212131519274376,131.22283515388074
11.222131519274377,131.22690066880418
11.232131519274377,131.26090878270497
11.242131519274377,131.23067926378218
11.252131519274377,131.16721201001548
11.262131519274377,131.10749599393446
11.272131519274376,393.63472050407944
11.282131519274376,393.57690960101263
11.292131519274376,393.61396259514254
11.302131519274376,394.6556699479288
11.312131519274377,397.3907914793877
11.322131519274377,395.8864313487963
11.332131519274377,394.68503326415555
11.342131519274377,394.7986774522538
11.352131519274376,394.78767752189225
11.362131519274376,394.7147682878645
11.372131519274376,394.2308275705812
11.382131519274376,394.14341590798
11.392131519274377,394.18589382823
11.402131519274377,394.0749202713527
11.412131519274377,394.0083095109537
11.422131519274377,394.0297376021401
11.432131519274376,394.05507287892897
11.442131519274376,393.8970738565881
11.452131519274376,393.9228019123295
11.462131519274376,394.00334864933785
11.472131519274377,393.9359253194665
11.482131519274377,393.64509582808756
11.492131519274377,393.55785870864196
11.502131519274377,393.67434423035553
11.512131519274377,393.7461761151156
11.522131519274376,393.71559739487213
11.532131519274376,394.92517942967567
11.542131519274376,397.39331437561844
11.552131519274376,395.77615225586464
11.562131519274377,394.62890388047464
11.572131519274377,394.679472332958
11.582131519274377,394.70567020978257
11.592131519274377,394.704140880803
11.602131519274376,394.2420048710212
11.612131519274376,394.0845677348121
11.622131519274376,394.13366037812483
11.632131519274376,393.99296455654843
11.642131519274377,393.9293442941768
11.652131519274377,393.96877334786456
11.662131519274377,393.9970848252395
11.672131519274377,393.89342054175006
11.682131519274376,393.91579907397545
11.692131519274376,393.9614771099457
11.702131519274376,393.8413208721702
11.712131519274376,393.51561919536783
11.722131519274377,393.52262898736547
11.732131519274377,393.6276767835495
11.742131519274377,393.80748745004314
11.752131519274377,393.75843979423263
11.762131519274377,393.47522561520816
11.772131519274376,392.9898011345895
11.782131519274376,393.20567493582564
11.792131519274376,393.3295396011321
11.802131519274376,393.134789977126
11.812131519274377,392.83126481588795
11.822131519274377,392.796808557194
11.832131519274377,392.6036466829978
11.842131519274377,392.72748849644586
11.852131519274376,393.09804361596895
11.862131519274376,393.13515006083327
11.872131519274376,393.26650071416657
11.882131519274376,393.42145453566314
11.892131519274377,393.116422715938
11.902131519274377,392.54431151717887
11.912131519274377,392.83968091301017
11.922131519274377,392.7715685280502
11.932131519274376,392.51483657883597
11.942131519274376,392.9781728843313
11.952131519274376,392.7851373759357
11.962131519274376,392.5229093073023
11.972131519274377,392.41736532598765
11.982131519274377,392.57477063444315
11.992131519274377,196.437324973645
12.002131519274377,197.68354752747024
12.012131519274377,197.56005761477766
12.022131519274376,197.33547712558834
12.032131519274376,197.34755208623199
12.042131519274376,197.32952698196195
12.052131519274377,197.2606275212614
12.062131519274377,197.23533504726797
12.072131519274377,197.2531159361117
12.082131519274377,197.27893528379178
12.092131519274377,197.3112446445186
12.102131519274376,197.36312180157887
12.112131519274376,197.3726578096977
12.122131519274376,197.33041527027473
12.132131519274376,197.2963388137305
12.142131519274377,197.27857768724004
12.152131519274377,197.23450892844826
12.162131519274377,197.2187630890112
12.172131519274377,197.1824316312386
12.182131519274376,197.13974884690097
12.192131519274376,197.14476842448076
12.202131519274376,197.16677160539075
12.212131519274376,197.17795185163922
12.222131519274377,197.41062987623815
12.232131519274377,198.5042364783696
12.242131519274377,197.78696149349668
12.252131519274377,197.37003129113117
12.262131519274377,197.37683548763712
12.272131519274376,197.39554350151238
12.282131519274376,197.33175807023733
12.292131519274376,197.26362908682287
12.302131519274377,197.2395160325494
12.312131519274377,197.31531349471229
12.322131519274377,197.40793958103023
12.332131519274377,197.37522037693674
12.342131519274377,197.41269833359672
12.352131519274376,197.40723871719396
12.362131519274376,197.32474488629907
12.372131519274376,197.3012033961772
12.382131519274376,197.27994858974358
12.392131519274377,197.22244611175762
12.402131519274377,197.17584254424128
12.412131519274377,197.11277950248078
12.422131519274377,197.09357455110865
12.432131519274376,197.15123098937804
12.442131519274376,197.15702235320626
12.452131519274376,197.31416294648784
12.462131519274376,198.45677234791313
12.472131519274377,197.8501133077227
12.482131519274377,197.41628337084543
12.492131519274377,197.42581926138504
12.502131519274377,197.4598970800276
12.512131519274377,197.374448648093
12.522131519274376,197.34483133355812
12.532131519274376,197.31209477786197
12.542131519274376,197.36927911492288
12.552131519274377,197.45788547682955
12.562131519274377,197.43212783353383
12.572131519274377,197.45853193955872
12.582131519274377,197.4794910960315
12.592131519274377,197.3887885270797
12.602131519274376,197.35072456605627
12.612131519274376,197.34160464483634
12.622131519274376,197.29299655227078
12.632131519274376,197.20907102103644
12.642131519274377,197.13376808403302
12.652131519274377,197.1294742158746
12.662131519274377,197.16832891936113
12.672131519274377,197.17227135605896
12.682131519274376,197.1595602695483
12.692131519274376,197.1533421242928
12.702131519274376,196.985665596012
12.712131519274376,196.97565097965014
12.722131519274377,197.01141038626633
12.732131519274377,196.98239079690188
12.742131519274377,196.96348673118055
12.752131519274377,197.0309736085604
12.762131519274377,197.02610749213352
12.772131519274376,196.96612998965568
12.782131519274376,196.8503796319094
12.792131519274376,196.8986295372777
12.802131519274377,196.9755215093764
12.812131519274377,196.95528650916913
12.822131519274377,196.81780383809306
12.832131519274377,196.72646832748444
12.842131519274377,196.74364002479598
12.852131519274376,196.78755018785688
12.862131519274376,196.80305437751727
12.872131519274376,196.8005164007793
12.882131519274376,196.7171545600433
12.892131519274377,196.6983565545826
12.902131519274377,196.7103681687118
12.912131519274377,196.7585325416691
12.922131519274377,197.87138006905286
12.932131519274376,198.26028752708575
12.942131519274376,197.5838609985659
12.952131519274376,197.3724701462687
12.962131519274376,197.38127009405395
12.972131519274377,197.39921975836322
12.982131519274377,197.2454202672244
12.992131519274377,197.07467836981348
13.002131519274377,197.11508629933013
13.012131519274377,197.0832548270764
13.022131519274376,196.99227092476474
13.032131519274376,196.9090314388416
13.042131519274376,196.9972110197528
13.052131519274377,196.98345954142584
13.062131519274377,196.95840971209898
13.072131519274377,196.95608255681142
13.082131519274377,196.95057219571737
13.092131519274377,196.88639883006113
13.102131519274376,196.84823277176307
13.112131519274376,196.78863526878473
13.122131519274376,196.7485850942272
13.132131519274376,196.782277430628
13.142131519274377,196.85473465492996
13.152131519274377,396.5351431820663
13.162131519274377,396.8115395696195
13.172131519274377,395.22879161105624
13.182131519274376,394.66038883587726
13.192131519274376,394.7585031391287
13.202131519274376,394.77707536543153
13.212131519274376,394.5253962852209
13.222131519274377,394.1420598827686
13.232131519274377,394.15634218377636
13.242131519274377,394.12622598067003
13.252131519274377,394.0125159974945
13.262131519274377,393.988299051687
13.272131519274376,394.05794726880725
13.282131519274376,393.94419958139645
13.292131519274376,393.8858596318966
13.302131519274377,393.9313703537003
13.312131519274377,393.98761036383274
13.322131519274377,393.84533909501596
13.332131519274377,393.5929267205483
13.342131519274377,393.6000200934278
13.352131519274376,393.6769132228834
13.362131519274376,393.782356805724
13.372131519274376,393.8174846528632
13.382131519274376,396.0927246027142
13.392131519274377,396.6539916624592
13.402131519274377,395.2086951628386
13.412131519274377,394.57251833844015
13.422131519274377,394.70905520478465
13.432131519274376,394.7539178066686
13.442131519274376,394.54358595730673
13.452131519274376,394.12480369867524
13.462131519274376,394.1116995216715
13.472131519274377,394.0887314844486
13.482131519274377,393.95834920178424
13.492131519274377,393.9460165988261
13.502131519274377,393.9993399021242
13.512131519274377,393.96122286703377
13.522131519274376,393.89081926706285
13.532131519274376,393.9298149956357
13.542131519274376,393.95985788845957
13.552131519274377,393.7378273254521
13.562131519274377,393.5233984910719
13.572131519274377,393.57814821360256
13.582131519274377,393.69865903030393
13.592131519274377,393.84858453092585
13.602131519274376,393.6693764806213
13.612131519274376,393.2961472237136
13.622131519274376,392.97487673200345
13.632131519274376,393.32061904483726
13.642131519274377,393.23845234892747
13.652131519274377,393.0375753235214
13.662131519274377,392.75544538883753
13.672131519274377,392.78162055357836
13.682131519274376,392.5670053665758
13.692131519274376,392.9891990554731
13.702131519274376,393.1337079450475
13.712131519274376,393.19609988878244
13.722131519274377,393.3158117144408
13.732131519274377,393.40562171124174
13.742131519274377,392.8990190209287
13.752131519274377,392.5327808972528
13.762131519274377,392.9762586594919
13.772131519274376,392.50595897482543
13.782131519274376,392.7050220671732
13.792131519274376,392.9947692737237
13.802131519274377,392.73279459074377
13.812131519274377,392.5224354903505
13.822131519274377,392.47744523081207
13.832131519274377,392.695374836887
13.842131519274377,197.00058597755256
13.852131519274376,197.69965293911338
13.862131519274376,197.43928956432418
13.872131519274376,197.31751128100447
13.882131519274376,197.35318671545247
13.892131519274377,197.29014346179284
13.902131519274377,197.2462243037649
13.912131519274377,197.23055452833336
13.922131519274377,197.25765790079052
13.932131519274376,197.2919354087947
13.942131519274376,197.32074822309798
13.952131519274376,197.37632449019057
13.962131519274376,197.3505058231212
13.972131519274377,197.31195076847902
13.982131519274377,197.28602431144498
13.992131519274377,197.25903036613116
14.002131519274377,197.22018203502833
14.012131519274377,197.21349589123986
14.022131519274376,197.15493079189514
14.032131519274376,197.14400001250877
14.042131519274376,197.1382616147836
14.052131519274377,197.18452877147217
14.062131519274377,197.17451970957913
14.072131519274377,197.2318035966436
14.082131519274377,197.0996824148907
14.092131519274377,197.0135033241308
14.102131519274376,197.0184808631594
14.112131519274376,197.05629945444187
14.122131519274376,197.0536907693834
14.132131519274376,197.05126350459182
14.142131519274377,197.145770695247
14.152131519274377,197.15795429301875
14.162131519274377,197.0464055847714
14.172131519274377,196.94477935060593
14.182131519274376,196.96827946146936
14.192131519274376,197.01920241327107
14.202131519274376,197.0035042480529
14.212131519274376,196.9025228415786
14.222131519274377,196.89793596235597
14.232131519274377,196.9417685716785
14.242131519274377,196.86998712570778
14.252131519274377,196.7649714292529
14.262131519274377,196.69333977959212
14.272131519274376,196.65128395441553
14.282131519274376,196.70384817557988
14.292131519274376,196.71691751856878
14.302131519274377,196.77187080441342
14.312131519274377,196.8454722156896
14.322131519274377,196.90999654090055
14.332131519274377,196.81812370250688
14.342131519274377,196.76951393631327
14.352131519274376,196.87023028111324
14.362131519274376,196.8183208672185
14.372131519274376,196.72924885124246
14.382131519274376,196.71266460984293
14.392131519274377,196.87840959755613
14.402131519274377,196.92974871942988
14.412131519274377,196.91194757491064
14.422131519274377,196.9093808790722
14.432131519274376,196.94042864418077
14.442131519274376,196.8014541073633
14.452131519274376,196.9303882919928
14.462131519274376,196.94156762913698
14.472131519274377,196.91670676609846
14.482131519274377,197.05309651059315
14.492131519274377,197.23239059919626
14.502131519274377,197.10304152109785
14.512131519274377,197.08760689612203
14.522131519274376,197.1362837357774
14.532131519274376,197.28183364536554
14.542131519274376,197.24537837119354
14.552131519274377,197.21972220204296
14.562131519274377,197.2440385389939
14.572131519274377,197.2782597115828
14.582131519274377,197.29263298718095
14.592131519274377,197.21653151062083
14.602131519274376,197.22465542207468
14.612131519274376,197.23379883492316
14.622131519274376,197.22708770977152
14.632131519274376,197.3101774700301
14.642131519274377,197.2287416762906
14.652131519274377,197.22443468424163
14.662131519274377,197.34170743950375
14.672131519274377,197.31369989804935
14.682131519274376,197.2419554249949
14.692131519274376,197.27700434325223
14.702131519274376,197.35417873546808
14.712131519274376,197.29815145013373
14.722131519274377,197.21515289631282
14.732131519274377,197.25529165206208
14.742131519274377,197.29202787397753
14.752131519274377,197.24399908866877
14.762131519274377,196.54374047298253
14.772131519274376,258.33385470685784
14.782131519274376,260.17259841090106
14.792131519274376,261.87779893381656
14.802131519274377,262.239184545691
14.812131519274377,261.9533322296086
14.822131519274377,261.9376457063893
14.832131519274377,262.27383681663565
14.842131519274377,262.1452841942693
14.852131519274376,262.16708815832203
14.862131519274376,262.27818404099963
14.872131519274376,262.1337820414665
14.882131519274376,261.95269570639937
14.892131519274377,261.85093928480575
14.902131519274377,262.1504554154822
14.912131519274377,262.1517519702823
14.922131519274377,262.0282392921811
14.932131519274376,262.27840118454725
14.942131519274376,262.08172911784567
14.952131519274376,262.0249852278791
14.962131519274376,262.08915208530834
14.972131519274377,261.7932794393651
14.982131519274377,261.84214156770963
14.992131519274377,261.95366848381053
15.002131519274377,261.835784181235
15.012131519274377,261.8742932846247
15.022131519274376,262.0128622692596
15.032131519274376,261.9527849105909
15.042131519274376,261.9987073702896
15.052131519274377,261.9361612710745
15.062131519274377,261.90752408914614
15.072131519274377,261.84957568472726
15.082131519274377,261.70260063436365
15.092131519274377,261.9075833127037
15.102131519274376,261.8558980407646
15.112131519274376,261.6804477619596
15.122131519274376,261.8105062524225
15.132131519274376,261.78397964928473
15.142131519274377,261.64852444163853
15.152131519274377,261.8102892691053
15.162131519274377,261.67270791098167
15.172131519274377,261.5200684388734
15.182131519274376,261.55998287119166
15.192131519274376,261.55107423609337
15.202131519274376,261.48967352652886
15.212131519274376,261.6460987684165
15.222131519274377,261.65372086964356
15.232131519274377,261.7035385867418
15.242131519274377,261.65056868512096
15.252131519274377,261.6129575101317
15.262131519274377,261.4889272505433
15.272131519274376,261.53849996524025
15.282131519274376,261.53388545403914
15.292131519274376,261.63084683579746
15.302131519274377,261.58751054921447
15.312131519274377,261.6510652593505
15.322131519274377,261.58586006588945
15.332131519274377,261.5500922988483
15.342131519274377,261.59305653234964
15.352131519274376,261.58502965627514
15.362131519274376,261.4258898981013
15.372131519274376,261.5004598830441
15.382131519274376,261.6011526330994
15.392131519274377,261.5196698492633
15.402131519274377,261.52105838662646
15.412131519274377,261.504518551814
15.422131519274377,261.4458985971102
15.432131519274376,261.4177306671991
15.442131519274376,261.45090349955854
15.452131519274376,261.18334592431006
15.462131519274376,280.4801252433329
15.472131519274377,291.1480746238772
15.482131519274377,293.74489713903796
15.492131519274377,294.1721100446143
15.502131519274377,293.79557931341236
15.512131519274377,293.81478308368264
15.522131519274376,293.8413829830849
15.532131519274376,293.97655315817644
15.542131519274376,294.0652224103433
15.552131519274377,293.7185031807062
15.562131519274377,294.0657886014275
15.572131519274377,294.171789450525
15.582131519274377,293.9601834161986
15.592131519274377,294.23129152219286
15.602131519274376,294.2536261508123
15.612131519274376,294.0458576966012
15.622131519274376,294.15517356081307
15.632131519274377,294.1812045882966
15.642131519274377,294.0022619714767
15.652131519274377,293.91621460145114
15.662131519274377,294.06666125477113
15.672131519274377,293.99819732225905
15.682131519274376,294.00989180085145
15.692131519274376,295.6096965741276
15.702131519274376,326.11262800155487
15.712131519274376,327.60157931348544
15.722131519274377,328.2874482380265
15.732131519274377,327.71781425394715
15.742131519274377,327.59658119573743
15.752131519274377,328.64766264362123
15.762131519274377,328.46936594260796
15.772131519274376,328.702320368214
15.782131519274376,329.0510998821956
15.792131519274376,328.8835955717479
15.802131519274377,328.8993561422034
15.812131519274377,329.2708241342597
15.822131519274377,328.875754822965
15.832131519274377,329.0453207741514
15.842131519274377,329.25496100667976
15.852131519274376,329.1104071256507
15.862131519274376,329.46128245280255
15.872131519274376,329.59419359609586
15.882131519274377,329.49975343053006
15.892131519274377,329.5527534926158
15.902131519274377,329.5538280645869
15.912131519274377,329.39771319699787
15.922131519274377,329.57364429298235
15.932131519274376,329.35541072729086
15.942131519274376,329.58149723969115
15.952131519274376,329.69568800302636
15.962131519274376,329.5646072357239
15.972131519274377,329.4231537761852
15.982131519274377,329.6596829053181
15.992131519274377,329.6010312828861
16.002131519274375,329.7791951199655
16.012131519274377,329.81080899558407
16.022131519274375,329.5500202861872
16.032131519274376,329.4581277191367
16.042131519274374,329.6376097875629
16.052131519274376,329.6790238800275
16.062131519274374,329.6650197487249
16.072131519274375,329.8395540757448
16.082131519274373,329.5057836312891
16.092131519274375,329.51661455671893
16.102131519274376,329.5518022294232
16.112131519274374,329.4612437327092
16.122131519274376,329.67577064159053
16.132131519274374,329.8323889329677
16.142131519274376,329.3800851305151
16.152131519274374,328.4950809355902
16.162131519274375,328.3840988285715
16.172131519274373,329.94703112223596
16.182131519274375,330.32405534226166
16.192131519274376,329.95008584218704
16.202131519274374,330.3195141181825
16.212131519274376,330.45910696292844
16.222131519274374,330.39928054021544
16.232131519274375,330.39578964444274
16.242131519274373,330.4145387075397
16.252131519274375,330.325557614732
16.262131519274377,330.4111921354974
16.272131519274375,330.2937121766826
16.282131519274376,330.2099465796243
16.292131519274374,330.2068201301577
16.302131519274376,330.3689890697063
16.312131519274374,330.3163974942871
16.322131519274375,330.25154580958866
16.332131519274373,330.3048628927242
16.342131519274375,330.31076077717665
16.352131519274376,330.29684771390924
16.362131519274374,330.0949974175441
16.372131519274376,330.04564841207497
16.382131519274374,330.06805408026923
16.392131519274376,330.0049519339082
16.402131519274374,330.12426693500464
16.412131519274375,330.10890207876736
16.422131519274373,329.8928882269687
16.432131519274375,329.7852849235148
16.442131519274376,329.9373616808123
16.452131519274374,329.85173295828
16.462131519274376,329.9815677843604
16.472131519274374,330.0294848776457
16.482131519274375,329.83857402963685
16.492131519274373,329.80388277704145
16.502131519274375,329.7265096045403
16.512131519274377,329.7648612658129
16.522131519274375,329.85147690191496
16.532131519274376,329.8018446720127
16.542131519274374,329.7764263933233
16.552131519274376,329.64777522031955
16.562131519274374,329.5876692174221
16.572131519274375,329.6628044406785
16.582131519274373,329.7591675748736
16.592131519274375,329.7620950454065
16.602131519274376,329.7295422101498
16.612131519274374,327.89690099423507
16.622131519274376,294.8053351255458
16.632131519274374,294.09722661616416
16.642131519274376,295.4548588464224
16.652131519274374,295.16475461669944
16.662131519274375,294.8752942444768
16.672131519274373,295.2045362826206
16.682131519274375,294.7344217260246
16.692131519274376,294.76937119108214
16.702131519274374,294.6645896507318
16.712131519274376,294.4023383698574
16.722131519274374,294.53136161925914
16.732131519274375,294.5184430450266
16.742131519274373,294.465370125256
16.752131519274375,294.5335182752786
16.762131519274377,294.37066901959776
16.772131519274375,294.4619486056991
16.782131519274376,294.37586880164
16.792131519274374,294.2785554828888
16.802131519274376,294.27145239777053
16.812131519274374,294.09658446153395
16.822131519274375,294.1552290688265
16.832131519274373,294.18561342129766
16.842131519274375,293.9725308957996
16.852131519274376,289.6472999108484
16.862131519274374,264.33062626885527
16.872131519274376,265.2861675778414
16.882131519274374,264.6616532444901
16.892131519274376,264.08152609067156
16.902131519274374,263.7929748579102
16.912131519274375,263.8490305547983
16.922131519274373,263.81651530260206
16.932131519274375,263.5291755037905
16.942131519274376,263.59938587858
16.952131519274374,263.85182978529417
16.962131519274376,262.8424206022422
16.972131519274374,262.99810554201486
16.982131519274375,263.4405546673263
16.992131519274373,262.913601011972
17.002131519274375,262.9691647917256
17.012131519274377,263.15777572409695
17.022131519274375,262.4054843513214
17.032131519274376,262.69948908023656
17.042131519274374,262.6003950348338
17.052131519274376,262.0929303422028
17.062131519274374,262.42014043657656
17.072131519274375,262.47364256762216
17.082131519274373,264.31160409563705
17.092131519274375,291.15752116169637
17.102131519274376,293.2114646824127
17.112131519274374,292.28304291684555
17.122131519274376,292.27455374948465
17.132131519274374,293.2128551189661
17.142131519274376,292.97367108478306
17.152131519274374,292.7288787207731
17.162131519274375,293.31520744151084
17.172131519274377,293.5957157660895
17.182131519274375,293.1860862063817
17.192131519274376,293.7459165440526
17.202131519274374,294.11224214564015
17.212131519274376,293.6481307161039
17.222131519274374,294.012625766669
17.232131519274375,294.1985692460436
17.242131519274373,293.6357719936442
17.252131519274375,293.9793049946159
17.262131519274377,294.0269907551568
17.272131519274375,293.59919410129856
17.282131519274376,293.8813958598927
17.292131519274374,294.0800284279939
17.302131519274376,294.11151361641924
17.312131519274374,297.6469803225673
17.322131519274375,326.9256029081809
17.332131519274373,327.65485086398587
17.342131519274375,327.5636440363736
17.352131519274376,327.12346717325073
17.362131519274374,328.01191436825064
17.372131519274376,328.33755470677374
17.382131519274374,328.2616635010609
17.392131519274376,328.94409507277857
17.402131519274374,328.9019658906726
17.412131519274375,328.81545523565484
17.422131519274377,329.1642553366914
17.432131519274375,329.1724630225244
17.442131519274376,328.90854171662085
17.452131519274374,329.2421035819536
17.462131519274376,329.1593238898367
17.472131519274374,329.28550422347547
17.482131519274375,329.5222490551876
17.492131519274373,329.4713383383683
17.502131519274375,329.49686376556525
17.512131519274377,329.57632105587186
17.522131519274375,329.3568455067745
17.532131519274376,329.1094662190176
17.542131519274374,164.90897697803814
17.552131519274376,165.55452978977283
17.562131519274374,130.95497726662808
17.572131519274375,131.1209384447146
17.582131519274373,130.92872925396588
17.592131519274375,130.90869211625514
17.602131519274376,131.09267540935969
17.612131519274374,131.0251250154559
17.622131519274376,131.03419397583295
17.632131519274374,131.07607174232453
17.642131519274376,131.0545513510585
17.652131519274374,130.9613077366671
17.662131519274375,130.94604955349243
17.672131519274377,131.08028878313326
17.682131519274375,131.07167916990733
17.692131519274376,130.99100748181309
17.702131519274374,131.1780517193414
17.712131519274376,131.01345141276676
17.722131519274374,130.97191629379967
17.732131519274375,131.06110398308894
17.742131519274373,130.8894523583504
17.752131519274375,130.9154963958929
17.762131519274377,130.9861220059342
17.772131519274375,130.90051245087545
17.782131519274376,130.93159617901517
17.792131519274374,131.0294402499327
17.802131519274376,130.97702214405658
17.812131519274374,130.9540720052358
17.822131519274375,131.01224697236162
17.832131519274373,130.95809148912215
17.842131519274375,130.8759996920318
17.852131519274376,130.86392967561645
17.862131519274374,130.94680813004138
17.872131519274376,130.92056614625224
17.882131519274374,130.84800602201443
17.892131519274376,130.95112620989016
17.902131519274374,130.9017954916282
17.912131519274375,130.8195369552812
17.922131519274377,130.9474662141082
17.932131519274375,130.80965290630263
17.942131519274376,130.72568284701953
17.952131519274374,130.7849109176112
17.962131519274376,130.7798114426833
17.972131519274374,130.7183920593698
17.982131519274375,130.84641304960726
17.992131519274373,130.77998481897174
18.002131519274375,130.82584499585772
18.012131519274377,196.92545917028534
18.022131519274375,197.13604082234136
18.032131519274376,197.16027049667534
18.042131519274374,197.22840987832424
18.052131519274376,197.1571059089541
18.062131519274374,197.0976510810948
18.072131519274375,197.10369313519217
18.082131519274373,197.17976342316996
18.092131519274375,197.23314027992987
18.102131519274376,197.32044191622592
18.112131519274374,197.3449409944575
18.122131519274376,197.31970936190808
18.132131519274374,197.276606271387
18.142131519274376,197.24736339318392
18.152131519274374,197.19723354325404
18.162131519274375,197.20207771392384
18.172131519274377,197.15759402782373
18.182131519274375,197.14051554501432
18.192131519274376,197.16430770681754
18.202131519274374,197.19003385594155
18.212131519274376,197.19635602817033
18.222131519274374,197.22813663355996
18.232131519274375,197.1704176660797
18.242131519274373,197.0182585684879
18.252131519274375,197.0410212194824
18.262131519274377,197.04434250214447
18.272131519274375,197.08997075076286
18.282131519274376,197.03230806565924
18.292131519274374,197.06687697589237
18.302131519274376,197.08095668154098
18.312131519274374,197.0477619676169
18.322131519274375,196.94636844166578
18.332131519274373,196.91196055855687
18.342131519274375,196.9529994883552
18.352131519274376,196.95531229308244
18.362131519274374,196.79718248976368
18.372131519274376,196.83361128623372
18.382131519274374,196.86042664906398
18.392131519274376,196.83587192314855
18.402131519274374,196.84872397136786
18.412131519274375,196.74522268630665
18.422131519274377,196.60462106462344
18.432131519274375,196.58263120661198
18.442131519274376,196.67005924534666
18.452131519274374,196.5404896101595
18.462131519274376,196.9632206347912
18.472131519274374,259.6152067540363
18.482131519274375,261.42923613019417
18.492131519274373,262.3143884626888
18.502131519274375,262.00828365560415
18.512131519274377,261.7412402784619
18.522131519274375,262.0833558665938
18.532131519274376,262.0965108198915
18.542131519274374,261.98604770817883
18.552131519274376,262.23958230048976
18.562131519274374,262.06671029175504
18.572131519274375,261.9634034200424
18.582131519274373,261.74649712844365
18.592131519274375,262.04971222381084
18.602131519274376,262.108630583033
18.612131519274374,262.03811340315906
18.622131519274376,262.1395020138323
18.632131519274374,262.0922111940006
18.642131519274376,261.91272405050944
18.652131519274374,262.0484707375314
18.662131519274375,261.84577569151344
18.672131519274377,261.76720567210907
18.682131519274375,261.9037047177976
18.692131519274376,261.869112849121
18.702131519274374,261.77376765203485
18.712131519274376,261.96159934569357
18.722131519274374,261.919651167453
18.732131519274375,261.91446452574587
18.742131519274373,261.9130163864494
18.752131519274375,261.8631278176327
18.762131519274377,261.7938834301135
18.772131519274375,261.63144778870026
18.782131519274376,261.78341435488164
18.792131519274374,261.7714109382961
18.802131519274376,261.65363927332834
18.812131519274374,261.6698663426969
18.822131519274375,261.7185649851268
18.832131519274373,261.5949000794086
18.842131519274375,261.70445242185855
18.852131519274376,261.64676285362816
18.862131519274374,261.4889880705148
18.872131519274376,261.4638399710122
18.882131519274374,261.52152854659676
18.892131519274376,261.42805715694885
18.902131519274374,261.56865554450064
18.912131519274375,261.55947867880946
18.922131519274377,261.65762137251187
18.932131519274375,261.57690171429095
18.942131519274376,261.5765995604412
18.952131519274374,261.42984529749236
18.962131519274376,261.4591457015882
18.972131519274374,261.48224406315995
18.982131519274375,261.5536449271066
18.992131519274373,261.5529776807363
19.002131519274375,261.6227245992288
19.012131519274377,261.5380229727824
19.022131519274375,261.50546679552355
19.032131519274376,261.5377417551521
19.042131519274374,261.5807704618544
19.052131519274376,261.4201389786464
19.062131519274374,261.47074574518604
19.072131519274375,261.54509855598394
19.082131519274373,261.5639471778614
19.092131519274375,261.45503096236365
19.102131519274376,261.51435868609406
19.112131519274374,261.41439512571867
19.122131519274376,261.39542268722323
19.132131519274374,261.3884505087486
19.142131519274376,261.4465908222036
19.152131519274374,263.81513719195925
19.162131519274375,289.9614766428469
19.172131519274377,293.35253206478944
19.182131519274375,294.1438184535345
19.192131519274376,293.87379465290894
19.202131519274374,293.8233878972225
19.212131519274376,293.7563868593332
19.222131519274374,293.98761434580587
19.232131519274375,294.10969652228886
19.242131519274373,293.7096519149335
19.252131519274375,294.0234016388483
19.262131519274377,294.1785625916265
19.272131519274375,293.97726094621095
19.282131519274376,294.17802066449894
19.292131519274374,294.2807982725506
19.302131519274376,294.07494102810347
19.312131519274374,294.13504546605384
19.322131519274375,294.18248996778965
19.332131519274373,294.06370463549985
19.342131519274375,293.9108464505874
19.352131519274376,294.0287432249801
19.362131519274374,294.0411339761745
19.372131519274376,293.9438874268118
19.382131519274374,294.9959196227256
19.392131519274376,324.041196631274
19.402131519274374,327.36534659660015
19.412131519274375,328.25074042491275
19.422131519274377,327.92005318121807
19.432131519274375,327.3536080288606
19.442131519274376,328.51101894839894
19.452131519274374,328.54911812231416
19.462131519274376,328.53373780017023
19.472131519274374,329.0197847059491
19.482131519274375,328.9696279168573
19.492131519274373,328.81786782855545
19.502131519274375,329.21332568996155
19.512131519274377,329.01077123464614
19.522131519274375,328.94660060565144
19.532131519274376,329.24470438454193
19.542131519274374,329.0983187513865
19.552131519274376,329.3885891833848
19.562131519274374,329.60582372235075
19.572131519274375,329.4986271777185
19.582131519274373,329.51569012098764
19.592131519274375,329.63212256086
19.602131519274376,329.35865955845935
19.612131519274374,329.544773516953
19.622131519274376,329.4243579899699
19.632131519274374,329.47505482095517
19.642131519274376,329.6928797353452
19.652131519274374,329.59401616734783
19.662131519274375,329.46043812691863
19.672131519274377,329.5665109042169
19.682131519274375,329.64159027695814
19.692131519274376,329.72090203776924
19.702131519274374,329.85548564569586
19.712131519274376,329.5774850553265
19.722131519274374,329.46260074978375
19.732131519274375,329.5912207266321
19.742131519274373,329.6778647632953
19.752131519274375,329.6317528305793
19.762131519274377,329.8310368171364
19.772131519274375,329.60112223938825
19.782131519274376,329.4376223180234
19.792131519274374,329.5912341480528
19.802131519274376,329.4516909235419
19.812131519274374,329.584371142432
19.822131519274375,329.84934196766824
19.832131519274373,329.49546560850854
19.842131519274375,328.70098456418845
19.852131519274376,328.25283430052446
19.862131519274374,329.55171247008207
19.872131519274376,330.4518130819184
19.882131519274374,329.95017539107903
19.892131519274376,330.20975585157527
19.902131519274374,330.4824784251662
19.912131519274375,330.3980143233373
19.922131519274377,330.39348067418143
19.932131519274375,330.4264470557467
19.942131519274376,330.32593920549755
19.952131519274374,330.401450358475
19.962131519274376,330.33449306218205
19.972131519274374,330.2116054033742
19.982131519274375,330.2056409066529
19.992131519274373,330.3213403132175
20.002131519274375,330.3596360041863
20.012131519274377,330.2338238502985
20.022131519274375,330.31507310043924
20.032131519274376,330.2847780436545
20.042131519274374,330.3319141231703
20.052131519274376,330.1317492261245
20.062131519274374,330.03748409486974
20.072131519274375,330.0836093210941
20.082131519274373,330.0040953419845
20.092131519274375,330.0943061174419
20.102131519274376,330.14307657129467
20.112131519274374,329.94113452924734
20.122131519274376,329.7894967786362
20.132131519274374,329.89743554076665
20.142131519274376,329.88936599272347
20.152131519274374,329.9101337184948
20.162131519274375,330.06915068044594
20.172131519274377,329.86813111424
20.182131519274375,329.8072952717397
20.192131519274376,329.7549887987452
20.202131519274374,329.73081228237925
20.212131519274376,329.8541490664955
20.222131519274374,329.7997701403979
20.232131519274375,329.80183942892194
20.242131519274373,329.6666933391477
20.252131519274375,329.59852407294846
20.262131519274377,329.6231871244165
20.272131519274375,329.7561211870416
20.282131519274376,329.76378094062864
20.292131519274374,329.7240977871983
20.302131519274376,329.26718948665075
20.312131519274374,296.2063973770786
20.322131519274375,293.882509513754
20.332131519274373,295.2435222158464
20.342131519274375,295.31610031556323
20.352131519274376,294.8744047709368
20.362131519274374,295.1545592918844
20.372131519274376,294.8575950564283
20.382131519274374,294.7251250921313
20.392131519274376,294.751398802701
20.402131519274374,294.39632897032806
20.412131519274375,294.50694404692547
20.422131519274377,294.5654340210976
20.432131519274375,294.42594031493
20.442131519274376,294.5442153116157
20.452131519274374,294.408271886714
20.462131519274376,294.43154028547946
20.472131519274374,294.4099799578142
20.482131519274375,294.27846166825043
20.492131519274373,294.30858468747283
20.502131519274375,294.11386121957383
20.512131519274377,294.11302875446927
20.522131519274375,294.2327529940247
20.532131519274376,293.9631925423858
20.542131519274374,291.845804418369
20.552131519274376,264.92305951491693
20.562131519274374,265.01572631951893
20.572131519274375,264.79165954974343
20.582131519274373,264.37034640458376
20.592131519274375,263.6653951346695
20.602131519274376,263.83857586468844
20.612131519274374,263.96950521653474
20.622131519274376,263.4326281975247
20.632131519274374,263.57360953313076
20.642131519274376,263.98778110833643
20.652131519274374,262.9158323964333
20.662131519274375,262.9202898270811
20.672131519274377,263.4777971770013
20.682131519274375,262.9102145612767
20.692131519274376,263.025749251879
20.702131519274374,263.1493680041939
20.712131519274376,262.491647706792
20.722131519274374,262.70581450298056
20.732131519274375,262.59993595430404
20.742131519274373,262.18845717822535
20.752131519274375,262.3678119624318
20.762131519274377,262.4230469402407
20.772131519274375,263.4893725020991
20.782131519274376,289.9664521971654
20.792131519274374,293.0967809251297
20.802131519274376,292.7607702574555
20.812131519274374,291.8701886841145
20.822131519274375,293.2356895453777
20.832131519274373,293.16392800991
20.842131519274375,292.54337702369014
20.852131519274376,293.39021017937347
20.862131519274374,293.5594559564307
20.872131519274376,293.2261512429364
20.882131519274374,293.6716207475873
20.892131519274376,294.07143708145253
20.902131519274374,293.76155811266796
20.912131519274375,293.8997310500043
20.922131519274377,294.2233080988948
20.932131519274375,293.74731967256866
20.942131519274376,293.8787435639249
20.952131519274374,294.1006158006359
20.962131519274376,293.6513045022505
20.972131519274374,293.8203821521962
20.982131519274375,294.0709769351272
20.992131519274373,293.9678144607147
21.002131519274375,296.04758121398527
21.012131519274377,326.54371197926037
21.022131519274375,327.5218604435978
21.032131519274376,327.639939716635
21.042131519274374,327.22361933019056
21.052131519274376,327.771549410753
21.062131519274374,328.3805296290355
21.072131519274375,328.21222077276536
21.082131519274373,328.85228946057384
21.092131519274375,328.936658571365
21.102131519274376,328.79401560034125
21.112131519274374,329.09825804497996
21.122131519274376,329.26344612203525
21.132131519274374,328.8616899752362
21.142131519274376,329.2082607110263
21.152131519274374,329.21136910267205
21.162131519274375,329.19246366727003
21.172131519274377,329.49485532640693
21.182131519274375,329.480338364054
21.192131519274376,329.5131328013598
21.202131519274374,329.536688057616
21.212131519274376,329.4269807144906
21.222131519274374,329.2530592135798
21.232131519274375,164.81107607849376
21.242131519274373,165.28310589617243
21.252131519274375,130.80893529863013
21.262131519274377,131.146198695481
21.272131519274375,130.95909240539396
21.282131519274376,130.89956190019979
21.292131519274374,131.0480943679982
21.302131519274376,131.068120721709
21.312131519274374,131.00662086062889
21.322131519274375,131.08479394614437
21.332131519274373,131.056194908499
21.342131519274375,130.99633486419899
21.352131519274376,130.91303289399536
21.362131519274374,131.07657505351312
21.372131519274376,131.07183832000024
21.382131519274374,130.99608138690581
21.392131519274376,131.14293310264077
21.402131519274374,131.0754017100934
21.412131519274375,130.94014657449134
21.422131519274377,131.0821901808432
21.432131519274375,130.91255475637783
21.442131519274376,130.89855348163454
21.452131519274374,130.97642699478013
21.462131519274376,130.93049010478882
21.472131519274374,130.89639675230566
21.482131519274375,131.0267471835682
21.492131519274373,130.99248964622575
21.502131519274375,130.94971731619663
21.512131519274377,131.00552204978862
21.522131519274375,130.97769361063055
21.532131519274376,130.89862406657613
21.542131519274374,130.84010395783912
21.552131519274376,261.92414080535286
21.562131519274374,261.8972008995325
21.572131519274375,261.72885364272656
21.582131519274373,261.8983595508408
21.592131519274375,261.8790463893275
21.602131519274376,261.69291015990194
21.612131519274374,261.91992728474787
21.622131519274376,261.7598834748462
21.632131519274374,261.52691963920716
21.642131519274376,261.62264241372714
21.652131519274374,261.68545103887976
21.662131519274375,261.48079111950807
21.672131519274377,261.7555771297656
21.682131519274375,261.7623772230431
21.692131519274376,261.7647823324681
21.702131519274374,261.7668185948034
21.712131519274376,261.72000762680875
21.722131519274374,261.56585622261275
21.732131519274375,261.5690261837422
21.742131519274373,261.533499841387
21.752131519274375,261.68108172112255
21.762131519274377,261.6407494587263
21.772131519274375,261.64512403877245
21.782131519274376,261.6814127843325
21.792131519274374,261.65459594175434
21.802131519274376,261.5762898744086
21.812131519274374,261.6518514244814
21.822131519274375,261.5222730818698
21.832131519274373,261.5033761912101
21.842131519274375,261.54303676968607
21.852131519274376,261.6511217910297
21.862131519274374,261.594501614396
21.872131519274376,261.52423662418687
21.882131519274374,261.54446478410836
21.892131519274376,261.50716328830765
21.902131519274374,261.37748740006276
21.912131519274375,261.6588874649737
21.922131519274377,261.61766492373454
21.932131519274375,261.33745382292
21.942131519274376,261.5618813128759
21.952131519274374,261.7264469823675
21.962131519274376,261.31179056270093
21.972131519274374,261.5216868339117
21.982131519274375,261.63580105353753
21.992131519274373,261.4349273879305
22.002131519274375,261.52136887102034
22.012131519274377,261.517167840948
22.022131519274375,261.453415273615
22.032131519274376,261.52534064367563
22.042131519274374,261.703447167794
22.052131519274376,261.60075372487205
22.062131519274374,261.63594287699755
22.072131519274375,261.6399890940844
22.082131519274373,261.51574216468
22.092131519274375,261.42694017735533
22.102131519274376,261.47695274403435
22.112131519274374,261.4553782765025
22.122131519274376,261.37699426235986
22.132131519274374,261.56206439009236
22.142131519274376,261.49915950856206
22.152131519274374,261.4720699651283
22.162131519274375,261.5535535566198
22.172131519274377,261.60406750369424
22.182131519274375,261.59700327032414
22.192131519274376,261.60709725065396
22.202131519274374,261.54858108472985
22.212131519274376,261.4622999943707
22.222131519274374,261.5572168354429
22.232131519274375,261.6544699549912
22.242131519274373,261.85908550114004
22.252131519274375,261.7510793899185
22.262131519274377,261.6198730673079
22.272131519274375,261.42514453068213
22.282131519274376,261.68494422028505
22.292131519274374,261.76501898569273
22.302131519274376,261.64056911613426
22.312131519274374,--undefined--
22.322131519274375,--undefined--
22.332131519274373,--undefined--
22.342131519274375,--undefined--
22.352131519274376,--undefined--
22.362131519274374,--undefined--
22.372131519274376,--undefined--
22.382131519274374,--undefined--
22.392131519274376,--undefined--
22.402131519274374,--undefined--
22.412131519274375,--undefined--
22.422131519274377,--undefined--
22.432131519274375,--undefined--
22.442131519274376,--undefined--
22.452131519274374,--undefined--
22.462131519274376,--undefined--
22.472131519274374,--undefined--
22.482131519274375,--undefined--
22.492131519274373,--undefined--
22.502131519274375,--undefined--
22.512131519274377,--undefined--
22.522131519274375,--undefined--
22.532131519274376,--undefined--
22.542131519274374,--undefined--
22.552131519274376,--undefined--
22.562131519274374,--undefined--
22.572131519274375,--undefined--
22.582131519274373,--undefined--
22.592131519274375,--undefined--
22.602131519274376,--undefined--
22.612131519274374,--undefined--
22.622131519274376,--undefined--
22.632131519274374,--undefined--
22.642131519274376,--undefined--
22.652131519274374,--undefined--
22.662131519274375,--undefined--
22.672131519274377,--undefined--
22.682131519274375,--undefined--
22.692131519274376,--undefined--
22.702131519274374,--undefined--
22.712131519274376,--undefined--
22.722131519274374,--undefined--
22.732131519274375,--undefined--
22.742131519274373,--undefined--
22.752131519274375,--undefined--
22.762131519274377,--undefined--
22.772131519274375,--undefined--
22.782131519274376,--undefined--
22.792131519274374,--undefined--
22.802131519274376,--undefined--
22.812131519274374,--undefined--
22.822131519274375,--undefined--
22.832131519274373,--undefined--
22.842131519274375,--undefined--
22.852131519274376,--undefined--
22.862131519274374,--undefined--
22.872131519274376,--undefined--
22.882131519274374,--undefined--
22.892131519274376,--undefined--
22.902131519274374,--undefined--
22.912131519274375,--undefined--
22.922131519274377,--undefined--
22.932131519274375,--undefined--
22.942131519274376,--undefined--
22.952131519274374,--undefined--
22.962131519274376,--undefined--
22.972131519274374,--undefined--
22.982131519274375,--undefined--
22.992131519274373,--undefined--
23.002131519274375,--undefined--
23.012131519274377,--undefined--
23.022131519274375,--undefined--
23.032131519274376,--undefined--
23.042131519274374,--undefined--
23.052131519274376,--undefined--
23.062131519274374,--undefined--
23.072131519274375,--undefined--
23.082131519274373,--undefined--
23.092131519274375,--undefined--
23.102131519274376,--undefined--
23.112131519274374,--undefined--
23.122131519274376,--undefined--
23.132131519274374,--undefined--
23.142131519274376,--undefined--
23.152131519274374,--undefined--
23.162131519274375,--undefined--
23.172131519274377,--undefined--
23.182131519274375,--undefined--
23.192131519274376,--undefined--
23.202131519274374,--undefined--
23.212131519274376,--undefined--
23.222131519274374,--undefined--
23.232131519274375,--undefined--
23.242131519274373,--undefined--
23.252131519274375,--undefined--
23.262131519274377,--undefined--
23.272131519274375,--undefined--
23.282131519274376,--undefined--
23.292131519274374,--undefined--
23.302131519274376,--undefined--
23.312131519274374,--undefined--
23.322131519274375,--undefined--
23.332131519274373,--undefined--
23.342131519274375,--undefined--
23.352131519274376,--undefined--
23.362131519274374,--undefined--
23.372131519274376,--undefined--
23.382131519274374,--undefined--
23.392131519274376,--undefined--
23.402131519274374,--undefined--
23.412131519274375,--undefined--
23.422131519274377,--undefined--
23.432131519274375,--undefined--
23.442131519274376,--undefined--
23.452131519274374,--undefined--
23.462131519274376,--undefined--
23.472131519274374,--undefined--
23.482131519274375,--undefined--
23.492131519274373,--undefined--
23.502131519274375,--undefined--
23.512131519274377,--undefined--
23.522131519274375,--undefined--
23.532131519274376,--undefined--
23.542131519274374,--undefined--
23.552131519274376,--undefined--
23.562131519274374,--undefined--
23.572131519274375,--undefined--
23.582131519274373,--undefined--
23.592131519274375,--undefined--
23.602131519274376,--undefined--
23.612131519274374,--undefined--
23.622131519274376,--undefined--
23.632131519274374,--undefined--
23.642131519274376,--undefined--
23.652131519274374,--undefined--
23.662131519274375,--undefined--
23.672131519274377,--undefined--
23.682131519274375,--undefined--
23.692131519274376,--undefined--
23.702131519274374,--undefined--
23.712131519274376,--undefined--
23.722131519274374,--undefined--
23.732131519274375,--undefined--
23.742131519274373,--undefined--
23.752131519274375,--undefined--
23.762131519274377,--undefined--
23.772131519274375,--undefined--
23.782131519274376,--undefined--
23.792131519274374,--undefined--
23.802131519274376,--undefined--
23.812131519274374,--undefined--
23.822131519274375,--undefined--
23.832131519274373,--undefined--
23.842131519274375,--undefined--
23.852131519274376,--undefined--
23.862131519274374,--undefined--
23.872131519274376,--undefined--
23.882131519274374,--undefined--
23.892131519274376,--undefined--
23.902131519274374,--undefined--
23.912131519274375,--undefined--
23.922131519274377,--undefined--
23.932131519274375,--undefined--
23.942131519274376,--undefined--
23.952131519274374,--undefined--
23.962131519274376,--undefined--
23.972131519274374,--undefined--
23.982131519274375,--undefined--
23.992131519274373,--undefined--
24.002131519274375,--undefined--
24.012131519274377,--undefined--
24.022131519274375,--undefined--
24.032131519274376,--undefined--
24.042131519274374,--undefined--
24.052131519274376,--undefined--
24.062131519274374,--undefined--
24.072131519274375,--undefined--
24.082131519274377,--undefined--
24.092131519274375,--undefined--
24.102131519274376,--undefined--
24.112131519274374,--undefined--
24.122131519274376,--undefined--
24.132131519274374,--undefined--
